196870
5835
3297
4226
2885
7237
3000
2894
3278
2789
2920
3301
3551
3767
59461
7501
4274
14908
11588
4347
3214
3610
3004
12080
16249
5124
3719
3342
3651
6681
9106
7429
3034
4425
4084
4421
3530
3007
2492
2470
2994
4057
5068
3304
2996
3240
6699
4128
4004
3928
5172
4258
6260
4293
4143
3409
6365
4911
5180
2597
2747
3711
3759
3308
4695
4042
4719
8329
8852
4736
2694
4916
3454
5474
6327
3701
3383
3246
6339
4102
3599
3241
9901
8536
3528
8164
3131
2725
2713
6605
9510
11305
13978
5749
6270
85513
2415
4342
4182
7398
4384
3682
4021
4139
30934
8058
4468
4679
2923
3772
4112
4242
5337
6017
11934
7876
17445
5961
12550
10219
4264
4234
3849
4608
3829
3349
7035
3941
3521
8125
4582
5006
3525
5613
19839
3998
3931
4630
4782
7577
5959
3556
3031
3378
5364
4865
3553
3248
6200
2452
2814
2519
2252
2449
3335
2615
2796
2958
4035
3461
2462
6234
4184
4381
7410
3016
3243
3042
4646
2504
2807
3188
2762
5465
3531
2579
8039
3386
6557
2897
2357
3244
2820
2871
3266
3044
2531
3470
6226
6964
9122
3812
3723
3084
5717
6113
6309
3384
3574
3986
7407
2482
2754
3156
2654
3007
2768
5694
3343
3056
2776
5718
2804
2615
3329
6099
3909
2625
2431
2822
2880
3212
2439
2839
2406
5286
5116
5978
9908
3182
2558
2836
3078
3811
3734
5971
3854
4470
4464
2432
2586
6220
2735
5263
3899
4350
3607
5160
6387
4308
3318
2729
6823
3494
5733
3582
3915
3550
3996
5110
3517
6750
5753
9841
3450
3673
3786
2863
2213
3337
4748
6620
4845
3624
7725
7847
3416
3292
4629
4848
4433
3673
4413
6870
3170
2989
9980
2890
2473
3364
3718
3039
3289
3702
6581
3835
4056
9005
3830
3236
2969
4096
4280
3316
2429
2808
3835
6448
4774
3979
7516
4390
3295
4720
3259
3580
3545
5488
4681
3108
2921
6409
3094
2977
2573
2513
2858
3206
3550
3439
3448
3239
3846
2959
4941
2536
3544
5729
4514
3399
3350
3497
3773
3136
4084
6443
4039
3875
11157
4579
3287
4686
2961
3695
3804
6273
9050
3975
3372
4521
4964
4669
3492
2896
3316
3434
4507
6649
3757
4109
7145
4003
3103
3686
3400
3122
29149
9080
5856
3671
3168
4212
4588
4351
6316
2937
4876
8203
3148
3892
4017
4139
3239
3169
3669
2572
2163
3476
5598
3588
2498
2535
7540
3999
2967
3412
3745
3360
2955
4620
5969
2807
3119
3159
9675
3411
3428
3659
4655
4374
3638
2937
4021
5066
2868
5016
6387
3581
3354
2843
3066
4389
2819
3160
3747
4642
4296
5831
6627
3604
4714
3819
4245
4835
3227
2809
4193
2452
7619
3838
3779
5960
6395
4016
2845
2774
2884
4399
2977
6118
3531
4363
7819
3460
3690
4024
3025
3925
5308
4310
3272
4668
6374
4378
4594
10370
3598
3839
3880
4646
9607
4074
4016
6242
2815
2945
3977
3962
2769
3958
2793
2329
1993
2298
3655
2303
5610
2292
3383
4335
8478
6004
3076
3110
4906
3191
5839
6000
3219
3994
5360
2774
2748
3850
3746
5387
3723
3296
2864
3203
3679
6089
4621
13103
6420
3841
3198
3220
4211
5338
4020
3456
6974
3065
4283
3346
4443
5107
7069
3417
3254
2896
6053
3403
3942
5304
4221
4352
7809
3464
7438
7076
2996
3784
10648
5288
4768
3204
3801
3823
4288
4740
8387
13556
5063
3240
5248
6495
4030
6917
4006
4349
7858
4381
4199
5554
4708
3344
3575
6910
6921
4397
7982
4358
5386
4141
3617
3713
3581
4665
5545
2427
2281
4061
18730
5102
3476
3303
4089
4644
8415
3303
3823
7428
3220
2880
2302
2318
3485
3368
3627
3638
7822
5009
4182
5889
2640
2265
3035
4016
3623
2255
1986
2635
2733
3394
4720
4655
2775
3795
3076
7888
4338
2807
2741
2963
3409
13095
3525
2212
1950
1909
6082
1738
2140
1922
176808
205014
210561
198855
9341
3686
3520
7598
3248
3479
2841
3704
3087
4681
3790
4529
4726
7049
7409
6109
11801
6354
4496
6052
6775
4854
9306
2992
7263
4085
3473
3386
5344
4224
6175
5233
4754
3954
3386
3794
2699
21921
3877
5629
6419
2951
5289
3164
3154
4036
3626
3067
2781
2975
3041
3715
4266
2974
3117
4861
3029
2957
3483
4503
3610
4442
3911
3050
5848
4080
3090
6267
4826
4234
4516
5591
6747
5054
6163
7979
20836
5187
3046
8725
6717
35431
5889
5694
4307
4954
4089
8677
5213
4583
3045
8245
112090
5206
4020
6993
3261
3380
3190
4270
4274
4327
4259
2767
3066
3397
7987
5691
7032
3789
3341
3365
3644
3710
2960
4153
5958
3003
3563
8299
5388
3681
4001
3930
2708
2880
3088
3450
3649
7211
14032
6867
5652
3952
4169
3656
6161
4499
3842
4060
9137
3090
2650
4090
4096
3866
4090
3062
2893
2629
3489
6036
3582
6253
2656
11992
10604
3493
6128
4448
5119
5053
4013
4621
3522
4474
3639
5185
4029
3936
4322
4135
3910
8309
3862
2699
5594
3600
2710
2961
5385
11739
12031
6349
2751
3546
5489
5547
5660
2595
5096
3235
4988
5304
2976
3017
2557
2641
2918
3399
4413
3418
5902
5051
3578
9391
4749
4785
4030
3833
4462
3101
7865
2179
2425
7392
2619
2406
8450
2937
2502
1956
4996
2227
3038
2940
2188
4922
5808
9393
2707
3420
3717
3359
2649
3883
3114
2849
2953
3323
2885
6429
2805
3421
20873
3610
4400
3420
9773
3978
3314
8001
5911
4898
4485
4744
3258
2826
4485
7247
3929
3414
3698
10437
4318
4221
3976
3692
7389
3620
4117
3609
7982
3811
3304
3357
3561
4023
3041
6585
2948
3655
6014
3823
3926
6747
4917
3307
2977
6203
5606
5405
3739
3192
3463
7423
2632
3385
5465
3392
4481
3592
2743
3818
3955
5806
4204
2907
3048
6035
6848
14202
13113
6848
12417
8223
12344
6080
154481
2676
2233
3414
3596
5048
4897
2680
2836
2298
2270
3228
2110
2808
2106
2158
3011
2692
6140
5410
3476
3343
4436
15314
7462
2862
6233
3230
5350
6723
2351
4796
3129
3087
3282
2364
1953
2203
1955
1779
2986
2245
2046
4792
3791
2626
5922
3341
2364
4776
2632
2266
1949
5162
2412
2583
1966
4459
2977
4161
3233
6461
2289
2714
3077
2424
2641
4006
4029
2776
3151
3360
2478
2063
4888
2835
2066
2244
6371
4235
2495
3576
2269
1799
2411
2535
2072
12186
2773
1878
2368
2989
6035
2380
2820
3033
1991
2828
2817
5399
2129
1991
3067
2306
1798
1704
5184
1775
2503
2162
2601
4303
1722
2203
1712
1578
1669
1903
2347
1780
2006
3294
2343
2404
1829
3942
2408
2580
2620
10170
2827
2779
2786
3184
6054
3438
2151
7709
3003
6332
2552
2397
3086
11256
3254
4245
3298
2155
2502
4395
4713
5076
5382
7099
2508
3651
2806
2318
2262
2198
3861
3383
5634
3403
3211
5152
2903
4273
7370
3719
5410
3216
2707
4096
5346
6106
3739
3696
3063
6647
3180
2779
2781
3122
2846
3392
3869
2687
2674
3104
3534
2619
5290
3266
23097
3179
2588
5763
5583
4814
3412
2590
10005
6596
2407
2673
3479
2692
1716
2201
1995
2244
1773
1897
2144
4478
1768
1737
4318
3124
4838
2698
1804
2385
2219
2790
2614
2096
2035
2057
2735
1938
4510
2031
4254
2761
5639
1896
2324
2464
2282
1888
3136
1903
1814
2591
1685
1931
3659
2484
1862
2635
2655
4420
2485
2224
2524
2035
4954
2195
1812
3170
1692
2351
2556
2157
17416
5661
1946
2454
5655
2028
2876
2113
2102
6369
4737
2426
1880
1562
1798
57715
5238
3652
5358
3616
3117
3870
3653
2197
2972
1999
3335
3082
3249
2459
2944
5184
3006
4504
2779
5362
2104
2548
3084
3419
2664
1956
2599
2092
2715
2960
5104
2763
2936
3555
7607
2763
2796
2697
2484
3361
3326
2198
2191
2221
2772
2062
2869
2126
29537
16213
5557
2463
2108
2539
2032
4956
2306
2163
2665
3588
3559
2962
2101
1835
2089
2147
2279
2807
2336
2422
1939
4428
2025
2667
2109
2367
7310
3597
2419
4327
2975
3019
1971
1959
3059
1853
5164
2237
1875
1803
2161
2308
6272
2296
2121
2248
1847
2323
2700
3137
2469
2574
2535
2130
1957
3264
2919
4068
2973
2678
2210
1839
8842
2681
2696
2589
2711
3272
2989
2078
3356
4872
3664
2208
2705
2150
2664
2094
2354
1941
2358
2743
2949
2725
2216
7050
5129
3724
4658
3023
4113
4237
2826
4779
2817
2762
3266
3100
2769
4570
3033
3238
5540
3123
2520
2976
5521
6045
3554
5085
3257
4661
3608
8939
6252
3529
2777
2571
5545
4062
3112
3580
2637
3365
2650
2557
3350
6338
2793
3326
2918
6672
3439
3221
3636
3189
3089
4446
3690
3200
3959
3820
6151
2793
2686
3000
15464
2999
3684
2903
2893
4223
6925
3029
2791
7064
2992
3553
2551
4163
2794
4357
4332
4452
3877
9037
5211
10333
5492
3229
3581
3921
3060
3310
2650
6234
5255
4224
6439
4040
4923
4116
9234
4906
3197
7359
5445
4673
6632
4334
8150
5086
6219
7239
3355
3357
7292
3217
2829
3215
3187
4954
3924
3903
3710
3600
3095
5946
3798
3600
6469
3404
4279
4949
3119
3633
4868
5836
3382
3771
3565
6743
5004
3373
3402
3471
2926
2999
3000
3889
2875
3051
3106
4665
3438
3472
6976
4617
3660
4032
4149
3960
3538
5940
2685
2458
2786
2924
6680
2860
2906
6055
3022
3172
2780
3152
3103
3637
3754
6571
2835
2887
11382
3800
4575
4121
3838
2648
4041
6606
4157
3124
7347
6596
8635
4861
3463
3695
3170
3502
6794
4386
8625
3791
3230
4925
2994
2939
3052
3004
3088
4818
2757
2470
2931
3753
5889
187650
2566
3258
3212
5454
3120
4523
5021
4918
3390
4017
3129
3637
3110
4131
5934
3235
8233
4918
3825
3829
3482
4327
4406
4901
3880
3164
2967
6705
3868
4620
3890
3217
4358
7086
4063
3748
4438
4664
4085
7463
3884
2915
4374
4010
5281
4368
7610
4331
4279
6790
2715
2773
3041
3280
2743
3147
3073
2720
3143
2997
2903
3162
5470
3638
3739
9212
3032
4953
5872
5259
4789
5899
2324
2512
2584
5916
3053
2768
2425
2557
2503
2237
3289
2454
3441
3102
2113
2960
2568
4082
8901
9307
2778
4101
2867
4464
3727
3342
3554
5966
3421
3040
2849
7045
3680
2645
7303
3834
4797
3730
2685
2876
2957
4447
4004
5124
6992
4392
3915
4632
3601
4277
4525
6413
4125
4012
9960
5243
3531
4737
3211
4035
3080
3369
4747
6989
4993
9037
3347
5023
4916
3726
2862
3013
5427
4863
3794
3158
9597
3153
2972
3793
4118
3045
4159
3964
4038
3315
5638
4254
8861
4344
3892
3696
4094
2947
4170
2968
8144
2995
2548
7151
3337
3521
4272
4681
4279
3523
3486
2827
3027
3835
5559
11712
4556
3966
3972
3982
4232
3287
3580
4981
3196
3110
8744
4702
4447
4016
2705
2932
5066
4406
4272
4867
6250
10668
10078
3861
4363
4559
5111
6307
3982
4454
9621
3256
2636
3211
3366
3009
2960
3446
4436
3851
4454
4560
4766
6931
4628
3987
5102
4559
6991
5820
2562
5995
6827
4118
4071
3594
4329
7987
5068
4019
3967
6011
4942
9497
4007
3854
5928
4687
4458
10431
12735
4336
7327
31823
4586
6063
3600
3778
2968
3450
3753
4436
4192
5451
8281
9733
5256
4408
5882
5135
3462
4758
2036
2611
4684
2431
1995
2528
9159
4330
3814
2955
3222
4195
4317
3410
6698
4151
4715
7100
4733
3855
5247
4367
4070
4740
4341
7357
4464
3034
5798
3209
2926
2662
2802
4700
4831
4072
7232
3382
3570
3816
6636
3453
5169
3684
4236
6952
4128
3412
5668
3808
4008
7562
4961
3549
4404
6634
3994
3062
6434
3143
3586
3402
5721
3265
3681
3147
5174
4676
3877
3194
3610
4311
6068
4392
3734
7264
4408
4957
2651
5816
2872
4049
6612
4263
5415
7275
4475
3544
7502
2850
2834
2678
9283
6952
4243
7799
3854
3803
3310
5814
3456
3169
6485
5594
4198
8207
3732
4453
2858
3366
3652
3786
2909
3460
4035
3061
5844
4192
3124
12583
3090
3072
4442
3193
3740
2830
4419
3492
3540
3928
6280
3348
2941
2685
2953
3824
6928
6064
3595
6614
3470
5301
8412
4256
4483
5089
4907
5265
7004
4973
3424
8587
4611
4564
5193
3976
4492
5234
4345
6162
3720
4627
13201
5116
3862
3829
4708
6313
4094
2695
3318
6746
3295
4546
3508
2886
3549
3688
3276
4414
4210
7854
3142
4028
5014
4588
4518
3006
3787
3658
3256
4058
6878
5000
8215
6065
10423
6209
6962
4831
3815
5038
4451
6314
4164
3442
4427
4688
3841
2840
3418
4736
2864
5569
4659
5415
3451
4050
3911
4225
3527
3210
3785
4612
4182
7185
3427
7371
3525
2870
3205
6906
4801
4316
6239
3488
3531
33476
4036
3752
5163
4837
3638
3685
12064
3285
3810
2791
3039
3133
2962
9527
3623
2858
7016
2740
3307
2771
3020
3744
2475
2307
2143
2160
2009
2124
2285
2339
5504
3286
3289
3455
5275
3262
3354
3136
3352
3254
2930
2936
2579
6230
3305
12334
5276
6145
4949
4076
4595
4178
4625
11318
4948
6843
9181
3476
4358
4058
2922
6364
3637
2783
2738
12731
4769
4001
4059
4568
3344
4638
3380
4747
4023
3129
2726
8770
3787
3711
4264
3943
3869
2836
5182
3111
2773
3277
7539
4390
2864
3673
3659
4736
4006
2933
3527
3845
6464
4629
3320
7269
3450
3971
3557
2639
3040
3459
2814
2729
10844
4783
8361
4672
5700
3600
2732
3436
2734
2857
5475
7837
3109
3424
5812
4699
4660
5434
4157
2841
9073
3407
5203
7441
2961
4170
4789
3148
3799
3197
4025
4726
4710
6184
5287
11864
3383
3187
3216
3514
4590
3437
5708
3105
3008
2582
2883
14429
3456
3291
4677
2974
2590
2681
3319
2822
5689
3099
3221
2954
7740
3455
3262
3381
3070
4138
2770
3503
6802
3995
3305
7360
4050
4233
2762
4088
4264
3570
3988
3512
3861
3223
6239
3200
4491
15047
4517
3081
3269
3508
5245
2949
3081
3061
6861
5005
2990
3338
3233
3317
2900
2920
3418
3955
2872
2759
5226
3118
3794
5230
2689
5023
4573
3580
2862
2526
2945
4230
6058
3685
3276
9525
4816
3623
3290
3266
4263
3402
4530
4192
5596
2912
5429
6266
4479
3292
2835
3560
3303
2802
3264
8153
4035
2910
5335
6725
4078
4544
4186
3118
4050
4513
4438
2956
6666
4390
3072
6320
5636
4990
3864
3647
2432
3910
2711
5280
2711
3338
3438
5626
2819
2533
2789
2869
2949
4670
2559
3678
3980
2959
2823
32048
3803
2533
3053
4383
7058
4643
3651
6186
3457
3447
2683
3077
2762
4124
3347
2987
4756
3295
4347
5293
4471
5460
2891
3585
3131
4641
3964
2908
2515
3648
5095
3863
2806
2226
2919
8883
2626
3007
3123
3008
4549
3860
3134
2819
2846
3130
5828
3594
3238
8291
4232
4042
3361
4240
3322
3057
5561
2802
3819
3724
5738
4113
4447
3479
4038
4824
3247
3132
2879
3124
2838
6620
5070
39347
3792
3299
2777
6228
2840
2799
2956
3070
2986
3716
3794
3727
3748
5090
6329
5730
4203
9760
3146
4441
4050
3649
3034
2846
5903
4215
2971
6859
5334
3793
5001
4465
3406
2720
3236
3414
3320
7488
4016
3730
9047
2836
4256
3113
4110
4098
3783
5247
2381
3029
4789
6774
4803
3719
2741
2756
4345
3167
3985
3711
7757
8723
15231
8757
8405
3408
8474
4907
6740
4183
3665
4577
4786
20374
8531
4024
3751
4200
3343
4403
4026
4554
3244
2806
5104
3617
3450
3900
4933
3679
4502
4558
3819
12005
4914
3484
5578
2576
9182
4268
4692
3768
3299
3866
7895
6893
3501
3495
7188
4501
8599
8417
3710
2699
3479
3451
5505
5134
4260
4718
4869
3840
3257
3073
4143
3673
5281
7104
3483
7026
4596
3739
6878
3564
8441
158760
415779
198296
5974
4501
3633
2757
6952
3051
4425
6617
2989
3382
3397
2773
4477
3501
5379
3074
3572
5616
3902
2958
2747
2724
3503
3019
3615
4078
6371
3021
2209
2465
5632
2965
2545
2015
2080
3608
4112
5404
9571
6308
7795
6559
7085
4512
3782
4182
3550
3660
3497
6058
4104
5019
6802
3695
3232
3531
3666
4661
6444
4091
5534
6897
4767
4543
7036
2888
3686
4522
5178
5851
7100
32003
68774
6374
10453
7143
7626
5980
4084
4264
4887
7288
5526
7494
4855
4090
5532
4712
4600
5868
4699
3847
4966
5563
4091
3718
3940
2462
4668
5342
9814
5432
4061
3549
7346
5128
4011
4765
3882
8088
7383
4360
5517
4602
4136
3618
3243
2510
2917
3599
7100
6788
4793
3794
3153
3755
3507
4135
3757
2804
3441
3930
3870
3629
6526
5724
3998
3568
4687
5752
3284
4001
14006
5204
6620
4708
3377
6480
3881
3171
3387
2858
4907
3717
4319
6425
3857
3616
6368
4270
4004
3830
30350
346089
6582
4357
4736
3360
3421
2838
3295
3752
3110
9481
3638
2719
3258
4801
5107
4377
3548
3613
3092
3119
3766
3011
3259
3665
3180
3011
7227
3092
3556
3920
3566
3844
3842
3785
7650
3358
2859
2843
2896
3756
3156
6304
2594
3945
2463
4801
3251
3993
3478
4141
4065
2279
6177
6452
4087
3980
4906
3854
2974
2565
3930
3833
3932
3229
3614
3428
3248
5911
7826
5356
4819
4892
3154
5127
2792
4951
6510
3219
3313
7939
2482
3200
2457
3356
3802
2846
4886
4292
2865
4005
5506
3475
3056
3042
3745
3097
2816
4034
2981
4679
3701
4314
6302
3441
3856
4298
5985
4324
4872
3564
6309
4013
4908
3844
6212
3483
3277
4111
3895
2896
3241
3503
3485
3047
3684
4293
2271
5948
3780
3742
4850
4318
4852
2906
3631
4635
3746
4090
3795
3045
3112
4980
3806
3329
3754
3553
3480
2968
3047
3131
2914
4565
3788
3459
9437
4511
5172
4914
4379
4206
7349
6292
6450
8850
3956
4766
6675
4714
8332
6335
6084
6864
3964
3424
8311
6117
3642
3674
3866
4031
3888
3327
2766
2582
5147
3527
3595
6179
2957
3999
3059
3324
2391
2876
2849
5173
6381
3951
4496
7630
3624
3351
3757
2871
3708
5600
6064
4030
3930
6291
3362
8483
4514
4028
2914
3736
4952
4218
7447
4118
3314
3916
4386
4465
3608
34078
3677
4396
7358
3508
9696
4073
3327
3140
10168
11039
5389
3713
2763
3752
3615
3639
3908
3895
3554
6148
3216
3921
3248
3588
4148
4180
3951
3290
3159
3384
4065
5903
4500
5265
5567
3499
2948
2921
3887
4192
3382
2930
3516
4464
5388
6889
4650
5751
4628
3078
3813
3901
3549
2933
3099
5520
3710
4595
3544
3549
4326
5794
3777
2943
4006
5528
4009
2826
9225
2886
2637
3771
3847
3963
4213
4518
4045
3730
3311
3626
4552
4129
5125
3140
5468
3599
2965
2218
4168
7065
3482
3702
3700
2829
3731
3537
2789
2671
2502
5776
2927
2913
3067
2473
2719
2799
2577
3438
3112
5324
3756
3189
3642
4040
3846
3799
5883
11642
4286
3802
8429
4145
3187
5635
4187
3334
2733
5117
4965
2743
8832
5930
7063
4365
4405
3628
5116
7673
4072
5626
3617
6260
3820
3960
3193
3366
3245
3243
2611
2685
2920
2731
3072
3222
5462
3644
3421
2784
3475
5488
4389
3893
3740
9685
4421
6531
5531
5051
3781
4306
4213
3452
3041
6921
4439
4221
6368
4447
3805
4666
3619
3944
4095
4239
7145
3548
2740
3819
3453
3120
5219
6009
4267
4079
3547
4169
4597
4029
7871
5533
3741
5308
3557
3858
3295
4526
3850
11367
4160
2849
2767
3246
5215
4660
4166
9670
3934
5319
4471
3336
3596
5547
3778
4256
3508
6202
3144
3383
2964
3456
5204
3819
4275
3232
4594
6283
3096
3482
2910
5086
4149
3462
3618
3489
4165
5327
5106
3184
3813
3592
3894
7996
3487
3210
4278
3433
4110
2791
3658
4076
5595
4842
4161
6423
3744
3319
8691
6130
2955
5645
3592
4577
3830
4327
8113
3372
3772
4871
4016
6345
3574
2996
7273
5216
6502
3495
3752
4228
4852
6187
4204
8459
4465
4075
4456
4119
4830
3050
3683
4476
6308
4313
3633
4850
6150
141414
199910
209720
205503
4835
3482
7295
4623
4136
3472
3977
3534
4053
4321
7292
51531
5445
12679
5674
4040
4520
3132
3024
4433
4468
8463
3955
4697
4698
3474
3115
4026
4358
4279
4053
3627
5990
4518
3780
4028
4249
7027
4019
4125
9160
4714
5420
6734
4772
5541
4440
4765
3851
9064
3497
3363
6405
3903
3790
2572
3330
3187
3786
3280
3712
6642
4977
5222
4527
6217
3982
3891
3516
2954
3379
3790
4346
2853
4014
3956
3112
5413
3071
3268
3818
3445
2882
2791
3066
4608
9785
3749
4190
5033
5420
4540
3914
31211
3709
7131
2640
4300
4086
5080
3671
3205
8862
4294
2982
2798
3003
3795
9932
5487
6302
3578
3427
4562
3943
2980
2966
2911
6132
2907
4119
2911
3462
2751
2968
3643
3151
2241
2445
7335
3708
5232
4801
7294
4789
3205
3273
3166
3678
3827
4950
2988
3065
3356
6121
3427
3075
3008
6008
4550
4609
2749
3353
9173
4632
5025
4072
6861
3661
4099
5051
5221
4380
3797
3700
10239
5044
5561
3832
3391
4428
3742
6777
4207
3270
4768
2916
3884
5240
3770
3791
8117
2996
4266
4364
4148
4187
3145
6516
4040
4355
4727
3299
3500
3614
3784
4248
4368
5510
6393
3405
5535
3891
3186
3323
3544
4179
5231
5292
3876
4274
3848
6829
3834
3215
4011
3587
5516
4009
4557
4310
12407
4707
6014
4507
3654
3340
3712
3089
3125
4179
2940
3135
3348
3506
6502
3938
2903
3299
4330
3295
2990
3813
4018
7069
14650
57101
3855
3726
3748
4916
3267
3791
7854
169439
200988
202714
8199
4303
3814
7410
5141
4511
3507
3631
3072
3165
3805
3328
3731
5633
4710
3483
5680
3563
2866
2723
3067
2975
2874
3703
3964
6198
4294
4492
6590
4286
4660
4613
4617
5499
4839
4570
6661
4913
3519
4307
3467
3582
3867
3051
3685
2588
4580
4265
5949
3411
97800
5509
6305
5377
4425
4150
3553
3457
3590
3941
3016
3893
3463
5850
3226
2645
6163
3244
2891
3790
3882
3406
5518
4091
5303
4266
2735
4976
3472
2621
2940
4278
2895
2709
2985
5270
5827
3367
2678
2980
19390
4261
5261
4167
4752
3662
9244
3109
3531
3511
2750
2740
2999
3633
3820
4655
3379
5961
3468
3249
3337
6128
4487
3509
3599
2577
4641
3843
4225
3944
7240
5918
3216
3683
2963
3704
3339
3485
2662
2890
3625
4015
9764
3114
4228
3334
6078
3667
7199
4758
4340
4643
3655
4051
3524
3471
5582
4237
3715
6948
4960
3518
3498
3060
4860
2859
2762
3117
3334
2670
5779
5559
4844
3353
3665
4111
3279
3319
2971
3965
2934
5878
4341
3928
3796
7795
4771
3905
3638
4056
4835
4469
4213
2966
5447
3740
3165
6825
3747
4074
4977
3935
10239
8458
4769
2957
3280
2739
3601
2714
2892
6658
3947
4573
3486
3163
4299
5487
3756
3960
11989
4130
2852
3644
3952
2716
6045
4355
4525
7741
6260
3761
4003
8145
5019
4729
3779
5528
3100
3043
2794
7755
3100
3156
2468
3344
3161
6878
10728
6225
5851
3666
3117
2426
3439
3924
3493
3133
2710
2913
2833
32489
4356
3190
3484
3897
3289
6022
3451
4273
8608
4610
4464
3953
4232
4995
4000
3838
2381
4931
4062
2899
3007
7644
4658
8316
4245
4266
3163
7607
4056
5380
4198
3837
5436
2892
3096
2989
2442
4604
3963
3836
5202
7222
8476
4150
3538
3543
2898
3089
4159
4083
5586
2955
2515
3147
2555
3268
2871
3270
2837
5879
3069
2931
3159
3948
2920
3204
3331
3434
6060
3222
5965
4783
4059
3510
6070
4557
3791
5222
7408
3141
7915
5115
3374
4206
2623
3916
3310
3827
5597
4476
5045
3044
3250
6361
3122
4183
3387
4416
5620
3081
6496
6288
13831
3116
10518
10224
20504
9098
10877
18695
12907
3918
3829
3713
6407
2738
10485
3373
3923
8262
5869
233960
9676
12506
8129
7048
2972
10595
6956
5765
4685
3901
12052
6053
6903
4166
2842
4854
5001
3691
7518
3808
4517
3207
3325
3002
3115
2778
3939
58797
6366
5637
4292
3064
4028
3117
2683
4104
3252
3801
2908
3601
2432
3057
8281
3168
5826
4535
5123
4138
5451
3730
4496
6915
4794
3191
6282
4550
3697
3401
4306
3104
3986
4056
4896
4500
6687
5815
8717
3620
2921
2995
3529
2930
4568
3488
5960
4877
3397
6591
4747
3654
4356
32964
3565
6894
3227
5189
3600
4798
3240
3591
8421
2992
3729
6161
5635
3830
3679
3504
5430
4100
4776
3205
3054
7624
3165
3413
4820
4274
3698
3012
4149
3494
4069
3065
6188
4517
4457
9438
7283
5072
3708
3282
3769
4560
7884
4557
3171
3372
8534
3996
3554
3155
4101
4014
4601
7553
3480
3835
7687
3305
3014
3317
4172
5464
2951
3513
4334
3322
5795
2736
4836
8451
5331
3716
4471
4139
5340
6171
3073
4668
9340
2852
2667
3080
3907
2947
3301
3947
3744
3426
4948
7086
3683
2953
7544
4263
7998
4464
3639
3531
5725
3628
3124
8668
6287
3010
4423
2725
4029
3728
5618
3137
4000
6558
6507
10350
3213
3223
3702
3112
4898
3447
5955
3593
3532
8186
4009
4622
3607
3968
5917
3144
2876
4081
3370
7567
5771
7123
4224
4071
4061
2837
3778
3196
5702
3620
4169
2591
5918
2916
3128
2339
3848
3510
4340
2999
3199
5706
2945
2920
5636
3343
4180
6329
2717
3015
2954
2699
2640
3103
6635
7541
2671
2643
3051
9388
2476
3691
2646
3326
3352
3463
3866
6519
3371
5961
5479
3050
3782
5740
4315
4256
6773
3712
6058
3036
3358
3345
7733
2959
3837
4407
6208
5820
5449
5114
3887
5141
3336
4812
3743
3988
5859
2714
2701
2740
4454
2891
5278
3145
5168
3032
7503
2961
11113
6994
3777
4247
4901
5933
3727
5191
10501
7268
6024
5596
7486
4227
2806
7298
4252
4616
5076
4908
3769
3255
4260
3541
3622
7525
4952
8620
3464
3980
3669
3442
3784
4522
6212
4194
4317
4912
9468
6489
3646
4401
2883
3124
3070
3255
2820
5192
2524
3969
5197
4435
3903
4627
4094
4372
11586
3835
36728
3248
3206
4128
5168
3490
3791
5191
3009
3663
5352
4970
4458
3068
3442
6330
3298
3610
4089
5045
5283
4092
6337
8417
12734
8270
3455
3651
3493
2925
3103
3168
7125
4516
7295
4453
3839
3365
3032
2694
3245
4650
4106
8136
3948
3418
5713
3162
6943
4833
5537
2512
4199
2762
4099
3515
2505
3642
4047
8780
4630
3679
3719
3637
3425
3610
3821
4745
3708
3507
2891
3589
4021
5786
3336
3689
3564
3919
3251
2844
2909
19765
4915
3851
3238
3731
3014
3071
3603
3005
2649
4402
4528
3283
3437
2716
3833
6154
5741
5423
2916
3616
3411
2980
2905
3076
2339
2069
4480
6084
3244
2434
2309
2894
3848
4275
2956
2878
3135
6987
3684
2801
3506
4378
6655
6565
4619
3364
2494
2940
3007
2983
2989
2979
2961
4008
5820
3909
4415
4478
4076
3868
3777
8622
3175
5748
3783
7134
8236
6040
8189
3607
3414
3735
7220
7574
4269
2812
5941
6873
3883
4673
4783
3082
6938
4988
3087
5188
4039
4118
3948
3570
4086
3123
2841
2866
3600
4324
15035
5251
3651
5169
3523
3290
4301
2843
8085
12211
5259
3528
3933
2674
3248
2909
3716
3427
2817
3817
4046
4269
6968
3086
3200
3866
4009
3847
3059
3064
2748
3057
4098
7274
2698
2634
2450
3876
4374
3825
4028
2783
3045
5583
3771
4855
4077
2755
3898
5242
10849
9156
7164
4574
3654
3869
3270
3311
2638
3451
5603
5075
5797
5274
3622
3224
3161
3672
5163
8495
5596
4221
3583
4730
4582
4443
7639
10175
7518
6362
4196
3722
3703
4065
5193
2911
3027
3012
3837
17954
4438
7627
4309
2879
2694
3691
3365
3234
3004
2892
3100
3054
6323
3462
3367
4028
4596
3252
4532
3900
6536
5192
4784
2996
4000
3968
6793
3706
3011
3383
3215
2858
4160
2952
3310
3271
3366
33130
2802
2620
3498
3184
3415
5334
2565
4199
9950
6170
6183
4587
3956
6894
4430
4284
6301
3873
6158
8676
221437
10420
4256
3845
3222
3650
3864
3354
3817
5763
5498
8923
6660
5442
10284
10975
2841
4934
24528
4151
3732
5747
16074
11784
20895
7994
5687
3903
3695
7937
3326
3031
8259
2672
3583
3387
2848
2900
3116
3109
2921
3149
2929
2913
6255
4916
4661
3001
3331
3127
3915
4104
11682
5455
6553
4256
6276
4613
5132
4322
3606
3018
3791
3038
3335
4505
5291
3232
2845
3833
3764
3121
3135
3053
3997
10852
6479
4584
4826
7461
4190
4826
3508
2890
3666
3591
4343
2923
2812
3439
5060
3268
4240
5002
3611
4136
4922
2587
4522
4352
3737
9063
4188
4647
12480
4019
4736
3940
2691
5996
3836
4243
3748
2514
2822
4025
13456
4833
3906
4878
6581
5985
4650
5185
6255
3184
3206
3586
3619
3548
3679
3278
3032
3198
4980
3612
3828
7673
5697
3161
3873
4639
4447
5104
7035
3455
3280
6174
3817
3271
3850
3839
3573
3648
2978
3428
3367
3082
2887
5001
3845
2965
7676
5898
3840
3630
4729
6379
7026
4258
4151
7919
3283
3638
2969
3728
5053
28091
2966
3154
2575
2029
3401
3001
4180
3456
6743
9042
4890
6687
6206
4142
3887
3786
3455
3004
3044
3722
4412
6875
4734
3506
3425
2774
3899
4363
3772
4118
3722
14218
3943
4215
4765
3848
5203
3188
3805
3546
3295
4322
5705
6033
2835
2907
5571
10024
3410
4133
3784
3410
2955
2589
5368
2942
3033
2653
5888
3128
5411
3583
3646
3489
2865
3682
3233
3429
2769
5553
2694
4656
10565
3232
4567
4130
3480
3462
4884
7726
4061
4423
10708
3034
2572
2494
5883
2726
3068
2522
2444
3247
6881
2975
3061
5147
130643
210582
204246
5124
11415
5814
4165
4288
3485
6163
4108
3918
3796
5166
4796
3081
2847
2262
2691
2804
2166
2994
3152
2265
2632
2902
5214
5157
3672
3347
4483
3479
3056
3051
5001
4780
4375
4840
4778
2823
2857
3500
5464
4578
3735
3192
3780
7342
8657
12466
10946
194154
198861
210008
204542
199211
7110
5208
4243
8696
4081
3705
3922
3248
3452
3378
2818
3037
3873
9569
3943
8169
4613
3373
6087
8191
17263
12316
9690
8416
3512
4989
3558
4474
5268
11472
14074
6163
3313
8124
7512
10032
28724
6316
3356
3402
4235
3075
3592
3112
3063
4772
3357
18391
7626
12484
5159
3040
3209
5068
3300
2850
3039
3322
6548
3189
3803
4085
4074
6817
4938
3778
4164
3338
6503
2869
4100
7858
4322
4858
2776
2528
3183
3374
3548
3994
3487
3041
5816
5292
5309
4340
3202
3844
7673
3627
2842
3127
4769
3114
3976
3591
7204
4498
3772
3264
7141
3291
3826
4798
3809
5499
4317
3174
3005
3796
4123
3133
3606
2745
3150
3137
3284
4262
5857
3003
2824
3023
5545
3266
3576
4537
3170
3866
5101
4788
4397
5316
6939
4087
6406
6202
3815
4040
4318
3856
3832
7922
4858
8126
4454
3846
6719
3837
4026
5144
3604
3082
8082
8605
4549
5588
3074
3741
4351
2840
3647
5677
4264
4273
7803
3712
3724
4195
4333
3771
5452
4845
3863
3072
6135
5455
3275
6288
6850
4762
4057
5266
3964
6768
4420
3768
3272
3274
2570
3622
8149
3631
4030
3965
4181
4335
4638
3185
6703
3116
4947
4315
4744
4907
4888
4606
8030
4562
3854
4061
4236
3467
4361
4630
11341
4681
9036
2959
4045
3255
3453
3894
2962
3214
3503
3164
4962
4648
7265
6001
7043
4313
4832
3709
4060
3985
5189
3310
2977
3212
5061
3962
2622
3643
3339
3827
4029
2842
3665
2753
3324
3555
3296
5870
3189
2603
3308
2926
2805
3159
3395
4029
7080
3755
2843
3122
3683
3436
3830
5637
3573
3138
4002
3982
4109
2982
3530
5192
4150
4061
5801
3927
3873
2991
3899
6532
4773
4040
6575
3456
4232
4518
7307
3913
3756
4132
3118
3827
3509
2621
4377
3688
6187
12914
197099
20345
82749
4543
8005
4238
4691
5130
4011
6164
5014
5449
3845
4250
4341
3462
3212
4560
4995
4079
3415
6338
4113
14100
5320
4590
3981
5371
3757
4703
4473
7442
3595
3999
3831
3542
3848
2718
4162
4078
3593
3222
3365
2902
5976
2892
5753
3520
4004
5995
4046
4933
3720
3197
3688
3830
3565
2976
6744
4840
4015
2852
3240
3519
6109
3558
7284
3721
5599
5563
3674
3216
3075
3664
2872
6108
4553
6073
4361
5473
3905
4317
5357
3141
2794
4717
6585
7554
3232
3984
5542
7871
5164
3066
3515
4227
6820
4074
4464
4678
3848
2889
3074
3043
2395
4357
4169
3305
2993
3578
3104
3246
3796
3890
3018
5349
15815
4395
4023
2635
3282
3024
3415
3243
8936
8673
6346
6554
4562
3858
4448
3512
2840
3180
3558
9213
3072
5376
3393
3344
3525
7828
4757
3852
4239
4999
5149
6227
3377
5091
5608
5318
10572
8566
4807
4392
7775
11176
9741
4922
4791
5052
6171
3498
3500
3564
5157
3475
3725
8745
7864
5012
4248
4468
6709
4520
3723
7476
4282
3636
4013
3155
2798
2495
3957
3460
2979
2499
3198
4157
3492
3248
3619
7999
4308
3499
3464
3895
4068
4089
13783
8184
4038
5121
4545
4304
3900
5221
6521
5328
4944
12965
8147
17310
13030
37253
10419
8531
11095
6822
7911
34688
4368
5791
3347
3759
3853
3751
3590
5404
4383
6795
3135
3394
2958
2904
3811
2881
3402
5513
6409
4347
5557
5293
3178
4238
3226
2887
3443
3852
5262
8106
7010
5307
7795
4354
4775
3158
3022
2801
3544
10250
5196
4541
8042
5126
3980
3951
3340
3798
4576
4799
4377
6181
3956
3300
5461
4001
3215
3317
3234
3252
4132
3589
5487
5010
4405
7571
3852
3902
7062
3897
4368
4700
8463
5956
4233
3152
5455
4859
4770
3633
4219
211268
109005
102673
104196
4345
3033
7999
3900
3886
2460
2842
3424
2659
3205
4825
4140
2948
6329
3687
4508
3921
4193
3766
3430
2989
2843
3240
5314
5597
2125
2339
2170
2926
1818
9203
2483
2378
1869
2216
2129
2381
2389
2116
2661
2534
3114
2768
2742
4794
2544
2472
3042
2492
2527
2470
1925
2735
3428
3589
3723
4275
14558
5714
6253
3273
4496
3639
3143
4564
2600
3536
3452
5119
6997
5513
5118
4027
5436
5801
9047
14008
7131
7729
3054
2753
2756
4384
4194
3388
3263
4180
4507
3393
6906
33126
12139
4337
3351
10475
4058
3705
4737
3531
4878
3532
4000
4107
5453
2982
4095
4045
4298
2721
3513
3761
3418
5722
3155
7105
4354
4695
6745
2757
3967
3225
5324
3771
4001
3870
2547
4387
4950
3579
3502
3647
3767
3059
4479
3668
7037
6869
9411
4846
7624
4989
4528
4786
4058
3653
3568
3024
4361
4485
6901
4624
3524
3294
3039
4209
5676
3813
28934
3950
4385
3986
4205
2963
4215
3742
12776
4577
3755
4806
4132
3375
4927
2800
3229
2666
2817
3058
5292
2993
3090
4411
6020
4885
10694
4348
4467
3741
4731
6690
6442
3739
3604
4643
6214
3713
4245
4911
4428
7054
5521
3993
4120
3753
5248
4726
7514
4348
3161
3121
2891
4178
5627
2559
3572
7179
4166
4416
4835
6542
5878
7839
4544
2656
4198
3116
3553
2324
2741
3452
4677
9803
3155
3044
5019
3423
3815
3454
3940
3228
3975
3746
4443
2458
2651
11136
2307
3645
2600
3171
4850
3035
3080
3019
4428
3212
6054
2846
3253
2962
4529
8704
10361
3646
5083
3738
3592
3317
3931
5160
3885
3988
4338
5906
3562
3434
3971
3711
3894
3104
3449
4556
3748
4330
5280
3940
3484
3907
2655
3456
3424
2173
2617
2840
4447
4507
5898
3660
3615
3021
2843
4791
3983
3703
2875
8807
3931
2797
4345
3730
5809
2691
2813
2737
2504
2862
3488
4328
3317
5805
3039
4549
5504
3172
3454
2954
4013
4318
5111
3473
4209
3394
8480
3416
4265
3307
11122
9450
3942
4307
6819
4980
3501
5493
3411
4655
8678
4063
3548
4361
14420
160683
102278
103161
203889
5136
3389
3342
6019
3995
4780
3561
3905
6176
3455
4855
4657
6352
3978
2843
7178
4141
3169
4636
3649
3134
4126
6830
4792
4754
5343
3702
3558
4041
4626
5350
16130
9974
2975
3762
3076
8040
6284
3768
4325
6730
4363
9000
5247
2781
3399
3176
3014
5633
4419
3436
3821
4303
4664
3150
4160
2688
3153
2884
3744
3361
4637
5585
4401
8304
4350
13314
4215
4806
3874
3703
2566
2757
2918
2914
3319
3235
4601
3055
3093
3230
5938
3295
3483
3844
3934
3413
3126
5300
5002
3611
2622
4023
7701
4026
5013
3804
3357
7330
4411
4024
5529
2982
3798
3226
6268
4578
3184
5971
7315
34512
5757
3989
4089
5932
5065
6206
3887
3957
3375
3134
4355
3059
4845
4213
5527
15201
15320
4936
4117
3826
4032
3092
2938
2902
2721
3000
5691
4109
3026
2684
3766
3598
2632
4823
4090
3506
3432
3560
9462
10376
4936
4061
4239
3788
31193
6856
4319
3760
4751
3680
4843
5342
5282
4196
4038
6240
4978
4079
3624
3700
3624
2727
2504
4683
2745
2673
3717
5576
2893
2277
3503
2767
2776
3117
4279
2732
4844
3931
3615
8825
2333
3244
2417
4708
1956
1939
2357
2872
3436
2650
5321
2199
4050
3408
3788
3434
7373
2509
3135
3163
2042
2083
2217
1820
2190
1968
3765
2160
1639
2315
3990
5918
3045
2816
3922
7401
4880
7351
4598
2913
3237
3966
3165
3457
3161
6300
2946
3641
7885
3074
4258
3468
4298
3112
2820
3262
4998
3118
3454
3881
6060
5058
3977
2766
3253
4604
3039
3516
2779
2927
4018
7723
4345
7623
4142
3009
2802
3334
3311
4160
3302
5776
3583
5714
7767
4307
4812
2982
3782
3916
4481
4572
4329
3782
4435
2994
3432
6907
3900
4209
3633
4592
3078
2786
4194
6276
3652
3088
9241
3912
3216
3694
3935
4409
3514
4782
4156
2390
4631
3508
3281
9257
4096
3910
3815
2503
2864
5010
3440
5374
4576
3966
6673
3247
2417
4476
2713
2923
2885
2869
2311
4924
3199
3521
5731
3516
3805
4463
3251
4960
2693
3384
2570
4220
6719
8423
4307
3646
7357
4691
4580
3847
4961
3856
3311
3470
2810
5856
3988
4812
6236
5957
4331
4814
8748
6107
3761
3123
2933
2831
5311
3840
3322
3733
3286
72021
4932
3132
5559
3814
4476
4900
2691
3687
9353
2935
3265
2894
6936
3618
4020
5501
2856
3705
3890
4997
4285
6299
13017
3805
4853
3478
9216
3519
2910
6328
4781
4227
7580
5089
3308
2967
4488
3492
4905
7136
6910
10051
5157
5501
3928
3288
2971
3926
2461
3440
2986
2782
3319
2644
2822
9881
4316
4428
4770
3602
4674
3589
3907
3876
7125
4350
202142
11201
4808
4288
3421
4264
3833
2886
3166
5339
2548
3079
3178
5795
3922
3391
4394
3420
2889
3458
6393
15404
5413
5448
4271
4613
3825
4427
5055
7654
5134
3851
5146
7098
3877
4893
3579
4361
3687
6469
3865
3674
5986
3419
2973
3636
6426
3568
4973
4572
4222
4080
4588
3951
3603
7295
3676
3843
3891
4572
6678
2912
3113
4966
3707
7349
3159
3140
3416
3582
3489
3382
3121
2911
4890
9284
4490
4127
4482
7349
3340
5114
4067
4590
2904
2437
3527
3429
3800
2606
2380
7566
3051
2560
6457
2612
2004
4776
3059
3259
2766
4276
6999
3555
4103
6331
2733
3771
7627
3915
2708
4534
2518
3800
3107
3609
5382
3740
3163
3259
8717
3744
3921
3535
3074
3374
2426
2997
3247
6044
5920
7857
4714
6413
3487
3695
3597
4222
4817
7261
5179
4791
9352
3883
3491
3311
3742
3848
3836
3401
2944
2702
5070
2964
3539
2461
9208
3292
2862
3322
3336
3014
4063
6444
4705
3903
3018
9811
2981
3341
2940
3183
2704
3513
4175
4086
3380
3094
5023
3953
4748
4251
2704
2984
2994
3424
3908
3002
3484
2397
5439
3565
2822
3012
6414
4569
4854
4997
5428
4290
4395
4192
4388
7673
3886
4303
3894
3924
3937
3654
4018
3019
3961
3423
7434
3241
3224
6389
3698
4319
3874
4335
3075
3362
3915
3666
3775
5517
4459
4863
5748
4533
4729
4323
4788
6599
5661
4190
3195
3587
7078
4176
3442
5615
3450
3111
4495
5622
3493
5660
3318
5230
6660
4091
4046
3910
4899
3111
4436
5789
3510
30905
12349
3681
2883
5834
3794
3092
4206
6091
2823
3946
3335
3992
4278
3580
5471
3696
3150
6308
3752
4866
4305
3392
4237
3360
3769
23164
13320
7582
6891
10039
4662
3606
66933
3337
2779
2732
3256
2902
2818
8243
3013
3088
5727
9839
3942
2882
6219
2990
2645
4171
4054
4012
6002
3777
4021
14855
4858
4515
3972
4787
11232
8011
3948
3914
3673
3045
2897
3472
2517
2553
3399
4313
3190
5833
4101
3326
7942
2786
4333
3782
3355
6582
6790
4014
5375
5712
4026
3864
3171
3921
4508
4502
4789
3598
4131
7341
3650
3103
5874
4248
3295
2973
3719
5181
3625
11938
5110
5936
3439
4094
3221
5243
6578
5007
5027
4955
4761
3783
3811
4847
4482
3678
3919
5674
3415
3354
7764
3853
3684
4338
9876
4799
4542
6502
4741
3168
4470
3567
5243
3727
3728
3215
4277
4432
3570
3925
2581
2950
3073
2991
7049
5543
4514
14146
4683
5029
3969
6173
3531
4280
7177
3939
4463
4353
5476
4702
4079
3806
3218
3010
8346
3226
3181
3043
3839
3680
5148
4196
4836
7147
4686
4603
3294
6800
4574
3687
3716
4863
3565
3685
3871
5699
7287
5280
5594
4808
4684
4214
4946
6458
4301
12019
6857
9860
4193
5305
5463
22134
3976
5087
4263
5325
7379
7766
4068
4845
7083
7554
4914
3968
3379
4110
3865
4842
4340
5585
6473
2818
2914
4104
2979
4201
2551
3312
2695
2919
2752
2650
11743
4120
3419
8515
3671
6496
4018
2917
6330
3363
8349
7309
40832
9146
12027
9542
11258
8560
10376
8823
6467
4686
3626
6245
5264
3667
4556
4204
3280
5530
3713
11012
6778
223030
11603
3334
4300
3442
3116
2902
2286
4538
7468
2912
3543
3924
3579
6690
6303
6666
4273
4069
4074
3110
3932
3292
3175
6513
5037
4229
8591
3472
5205
6008
4584
3662
3130
4668
8030
3755
3206
4685
4291
5263
5076
4720
4357
10902
6137
10984
16570
6286
6470
5494
5770
4232
6102
7579
5158
9843
13205
99848
5382
3601
5346
2914
4024
3829
6964
4232
2834
2668
3022
3311
2770
3336
3006
3494
3924
2458
3049
7096
4724
3714
3548
4067
2936
5955
3573
3531
61984
5665
4304
2870
3047
3887
3652
4017
6561
3002
2857
3342
5270
2802
4677
2502
2952
3249
4028
3802
3340
3037
2911
3056
4928
2845
3102
4013
3629
3539
3654
2910
3338
3158
3764
4371
11797
5216
5970
7482
3200
2789
3519
3770
3768
4420
3923
2924
5143
5286
4786
6797
4045
4978
4301
3371
3303
5166
4903
4173
4212
6179
2833
3315
3175
3802
4135
3290
3829
3970
4112
2862
3914
4782
3096
3630
40220
3195
3892
7543
3415
5631
3027
3157
3052
3783
2796
2745
2596
3491
6102
5000
6269
3634
3832
3499
10180
2955
3313
5114
2817
2643
2715
2480
6061
3338
3232
5779
2916
3283
2925
3459
3397
3007
7341
3431
4208
3299
3182
3401
4281
5413
3597
3315
3866
3754
6867
5013
4026
12012
4445
4574
4031
6494
4144
6921
4330
3128
2935
3394
3517
4969
4405
4458
3292
3877
5336
5201
4144
3463
6241
4858
2919
3601
3993
5918
3351
3006
3856
2765
3249
6193
6953
4825
4416
4240
4480
2889
3026
3191
2725
10579
6332
6912
4823
3633
3267
4301
5158
4034
3396
3374
3533
3828
5421
3597
5035
4679
5108
4201
3191
3387
4954
8678
3328
3864
9509
2850
2574
2347
2917
2828
3428
2463
2514
4720
2678
4291
5981
4704
2448
5495
2787
4503
3686
2640
2853
3938
3165
3928
5119
3090
2947
2983
5730
3796
4245
3700
3741
2588
3317
3175
2696
2799
3152
4677
4696
3674
2821
3075
6136
3491
2935
3577
2821
3144
3023
2949
2934
7204
2877
3147
5820
3480
3604
2724
2421
2514
2343
3924
3096
2866
3208
4531
3782
4244
3029
10100
4081
3673
3427
4130
4559
4651
5799
5920
2480
4263
4177
2646
3296
4008
4341
2599
6359
4432
4695
4152
4160
2228
3097
3058
3394
3525
2641
3580
3648
6048
4016
4079
5786
2905
3321
4016
7113
4156
4340
4119
4578
3492
4095
4060
3750
3573
5712
2876
3365
7218
8087
3268
3172
3782
4294
3319
6048
4322
3617
6621
4059
3839
3655
3704
2676
4056
3249
3540
3153
2981
6220
4840
4106
6211
3745
4322
3326
6131
2947
2770
5477
4699
3807
3570
7818
4151
2854
3917
3955
3765
3064
7289
29388
4330
4047
4255
5398
6686
6986
8339
17251
5492
4656
5164
3555
3113
5922
2982
3481
6868
3614
3180
4372
2789
4183
4278
5629
2514
3780
9426
4397
4743
3041
3215
4124
3765
2605
4199
3497
2437
2551
2443
6991
5087
2742
5318
4481
5070
4444
5147
2774
6624
4483
3561
7180
3473
4764
4442
3273
4852
3405
4058
2855
4139
2693
7854
3251
4863
3501
3654
3947
3557
4169
3792
4595
6120
6440
8532
5263
5236
8485
3597
4181
3882
3728
3419
8554
4040
2992
3048
3127
3146
5717
2836
2585
3086
3727
4991
2969
2980
3164
7573
3885
4090
3583
4454
3122
6487
3774
5065
3657
2883
3370
3449
4642
5279
4414
3854
4535
4569
5371
6466
4630
3774
6050
3085
2685
3200
2769
2785
3258
2966
4292
4416
3253
3171
9429
3243
2936
3247
4497
3515
3492
4694
4339
3916
6011
6437
4013
6293
4062
3504
3554
2879
3758
4343
3937
3135
2624
2319
5080
4515
3236
2841
3053
2786
3709
4230
4734
4264
4036
3587
5648
8365
3302
7384
3478
2845
2880
3934
4510
3042
3159
4843
3696
3602
5023
3007
3916
4744
4522
3967
3474
4439
4055
4257
5625
3036
2935
4513
5922
13197
5140
3609
4604
4980
3439
4423
5366
3929
3868
3458
3383
3025
2695
2751
2456
4122
3117
3531
4694
3307
6050
3292
5069
3508
3637
2941
3975
6104
4400
4436
3156
4680
2712
3482
6401
4321
3776
130804
5290
16162
5370
34378
3861
4438
3016
3335
4875
4058
4700
4729
4969
8597
3843
6220
3427
3433
4012
3892
3249
3285
3169
3362
2898
3922
3113
5020
4007
3619
3435
4425
3518
4368
3554
4050
4244
4729
7009
11170
5913
5332
6646
4120
4797
3934
3768
3618
3861
7527
2899
3352
3006
2715
3011
3494
4039
3347
4242
3298
5786
3328
5687
5750
3268
4159
4218
3916
4258
3698
3774
4517
3394
3131
3698
3817
3677
3616
3548
3160
6915
7079
9458
12866
6954
4044
2647
3308
5085
3005
3446
3910
3752
4210
3880
6948
4607
4019
3228
4046
3000
3867
3285
5011
3825
6155
3525
4226
9233
3415
3939
3492
4103
5025
4227
3806
2462
2839
3461
9488
3269
3811
4071
4702
5768
4173
2783
3542
3014
5466
4090
3986
4140
5627
3803
3197
3089
2571
3253
4237
2535
2895
3293
3050
4009
5062
3150
2780
3660
3089
3588
3089
4077
3609
4881
5119
8080
8874
8816
4802
4893
5084
4725
3058
3621
8097
5648
2884
2694
5720
2980
2972
2933
3421
6356
2898
2604
6889
6019
2980
2228
11924
3602
3478
3700
3967
3716
3980
5782
3672
4659
4015
3117
5044
2730
4233
3785
4315
2815
3908
3146
4884
2934
2952
2887
2507
6960
5774
3549
3514
3326
3703
4508
3399
4474
3362
2999
4903
6407
3945
3941
3059
3379
3749
4735
3220
2877
5102
4432
3552
2397
3320
3271
2533
2942
3095
3185
2202
2901
2899
3394
2502
2855
2349
6622
7245
3118
3215
2699
2963
2888
2281
2909
4150
2707
2279
2851
2761
5898
3537
2731
4145
2833
4058
3258
3504
5208
3199
3706
3962
4088
5047
2797
3480
4992
3973
3688
7589
6276
3863
3417
5157
4795
6471
2688
4005
2877
3901
2866
84471
3887
5284
5511
5160
5861
5293
2804
2560
2939
3945
2866
8859
6736
5715
3316
3227
4626
6375
4799
3184
4493
5070
5547
4021
3924
4628
2955
2907
2513
4805
3958
6378
4034
3081
4451
5850
5235
3500
4370
4135
3790
3164
4958
6051
3104
5586
4062
5131
4166
3873
2936
2723
2788
4179
3419
9085
4751
4195
6270
3159
2941
3892
4468
3557
3936
4789
3781
4185
4299
5894
4184
3758
3455
3406
3160
3433
3705
3690
4227
6777
3400
2667
3006
3092
5799
4082
4087
3825
2756
3565
2555
3318
2661
2472
3552
2956
2971
7684
3448
3111
2835
3453
2432
2906
2736
3988
3440
7915
3342
4658
3311
3881
3823
3787
3411
4186
4870
3918
6011
3945
4079
3936
6294
5756
4110
3869
5741
3497
3992
5872
5653
2977
3889
8097
6765
3553
2923
4031
3105
3720
3807
3480
3715
4099
3035
4819
3634
3535
3942
8859
4525
4655
4255
3813
7476
4126
3179
3585
4499
3089
2994
2811
3175
3736
5943
3699
3109
3272
2455
3782
4831
2417
2533
4295
7053
2330
3660
3352
3954
3639
2478
2655
3476
2620
3803
3391
4381
6978
3907
5118
4070
3789
4394
4388
4087
5199
5267
4290
3727
7043
3267
4668
3558
2862
2929
3337
2747
3432
3923
6305
7410
3295
4096
4418
3028
3037
3766
4223
3496
3561
3276
6164
3537
3508
3720
6782
4147
2829
4109
2881
2469
3837
4029
3819
4149
5054
6883
3203
3202
3703
4700
6405
3785
3131
2785
2904
2698
5771
4331
3203
5598
3255
3286
2621
3073
6540
3895
3211
2854
2758
3755
3171
5129
3910
4312
4795
2867
3483
2866
2731
2828
3375
3938
4190
5881
3889
3880
7629
3698
3913
3638
2887
3054
4351
3560
3910
3550
4548
5825
3622
2617
3003
2893
2948
4537
2871
3639
2957
3400
3124
8027
3693
6318
5080
4975
3198
2993
3538
2507
3328
6549
3520
31633
4964
3839
2703
2562
2890
7584
4156
3887
3883
3093
3453
3528
3730
4143
5013
5865
3568
3451
4622
6780
3406
4957
2965
2470
3013
5163
3425
4485
3150
4922
8411
3517
3939
3399
3467
3727
3917
6205
6526
2696
4490
4476
2578
6670
3295
3614
3844
2498
3584
3875
3302
4475
4382
3970
3027
4881
2880
4022
9000
3234
4169
4292
3494
2749
3436
3083
3503
4322
3021
6126
3687
3132
2883
2714
2553
3495
3710
2880
3559
3756
4447
5680
4702
4643
6262
4478
4497
3750
3874
2876
4671
5522
3105
3323
2983
5299
3116
4368
3932
3934
3945
3640
3382
3737
2803
2726
3406
5602
3348
4352
2889
5058
3252
3666
4876
3680
3021
3328
4105
3593
4074
3388
5616
2835
2843
3480
3766
3348
3608
4065
3944
3245
3367
4205
6225
3675
4627
6224
3686
2876
2655
6341
2927
4295
3841
2854
4031
2977
5271
3286
3109
2731
3240
3626
2957
3422
2859
2563
4223
4280
6675
4562
7246
6950
2645
3673
3121
8087
5835
3139
4850
3820
6269
3637
2767
3404
3073
3136
4840
3395
3540
3806
4666
5802
3929
3669
4206
7050
2582
3468
3900
2759
5891
3799
3303
5161
4013
4525
3860
4987
3921
3819
3087
2320
2928
2549
2603
3277
4006
3260
5681
4093
2873
3554
7594
4152
3531
3300
4002
4279
4971
7059
3293
2769
7091
4761
3606
3157
4467
5787
4792
4112
7025
3888
3991
2894
4012
3805
3158
4124
3341
3281
7334
3295
3400
5566
3695
5036
4401
3313
3070
4421
3421
3474
3413
3273
4122
4612
6288
2893
3549
4313
3117
4271
4031
3953
5405
3056
5995
4672
5029
4050
5213
2886
3175
2948
3150
2986
4519
3978
3815
4829
3227
5058
4818
4052
3619
3295
3558
2934
3645
2427
5954
3001
1995
2257
3467
4304
3038
3396
4093
33366
4050
7114
3938
3617
3707
4370
3463
3174
2411
3973
3900
4840
4188
3318
6144
6291
5148
7451
3414
4558
4516
4903
5271
3474
7932
3200
3318
8984
6996
2666
3641
6473
5103
3178
3162
2951
2971
4731
3122
3531
5206
3945
5161
4290
4074
4563
3764
11677
3849
3552
4142
4914
2950
2412
3524
2899
3723
4551
2887
3603
3735
5330
3190
3552
2649
5261
3846
3576
3498
3223
4004
3972
5112
4785
5592
6657
3705
7539
3987
3210
4129
3647
4257
3737
3024
3593
5509
3356
2991
4001
4086
3558
5598
3829
3375
3674
7850
4875
3065
6220
3831
3629
3740
3354
2981
2520
2712
3600
2613
2992
2656
3262
5960
4081
5581
2908
2725
4046
3426
3686
3423
4095
3513
6036
2727
3429
2886
5371
2719
2897
2483
3571
3869
2888
6408
2923
3673
4375
3530
6693
3843
5246
5224
5160
5674
4966
4036
5858
3922
3126
2685
2854
5038
3411
3643
3081
2809
3326
3922
4165
8414
4306
4981
3389
2732
5426
3367
4683
3386
4032
2861
3159
2794
3013
5585
4443
4354
3249
4330
3297
3443
3438
2875
2903
2920
5839
3502
4061
3024
3750
5148
5245
10109
5959
5826
4956
3602
6448
3656
4495
3830
3204
3389
3125
2740
3300
3021
9853
4820
6724
3844
6648
4519
4686
4080
4104
3841
5586
5564
6755
5971
5887
3996
3968
2717
3565
3877
12865
2831
2783
2796
4888
5452
3786
4404
5020
4222
3500
3735
4005
3654
2949
6169
5039
4366
3962
3662
3415
4658
7698
5749
4424
3619
3766
3556
5806
7474
4920
4622
3298
2723
2197
2005
3065
2309
2704
5470
4140
4773
5871
6699
3092
3190
3620
3699
5159
5096
4008
4790
5188
3424
3911
4170
4680
4000
3724
210256
116009
301850
204977
6404
3117
3275
3953
2846
5592
3469
4219
9032
5192
4448
4025
3460
5885
3894
5240
4091
3871
4256
4094
4175
2487
3454
3614
5558
3770
4112
4630
4602
4330
3186
3763
8943
3502
3416
4031
5294
6016
3936
3114
3106
3460
3618
3373
2802
2802
3423
5564
5492
2948
3148
4258
6010
4922
4131
3810
3461
4322
3530
3109
3460
4644
3200
5592
4768
4940
4299
4555
3186
2948
3334
5352
4655
6502
5140
5886
3326
3123
2742
3259
3099
8434
2987
4345
5331
4730
7600
3664
5428
3067
2703
2822
3955
2822
3210
3900
3239
5771
3396
3046
4520
4041
3810
3562
3320
3270
5243
3256
2823
2516
3135
4044
2846
6294
3291
3839
2398
2486
3074
2957
2951
2461
3308
3261
3042
3449
4898
2629
3114
2927
32492
4109
4620
3762
7643
3647
3803
3858
2753
3011
2806
3702
3937
3664
3357
3199
5757
3383
3656
3357
3480
3299
3298
3557
5682
3600
4290
5035
4082
5835
5310
3236
3442
2976
3180
4570
3066
4258
3687
4468
3798
6322
2552
2618
3454
2586
2932
3279
2557
3025
2976
6034
4707
2960
5109
3461
3147
2796
7556
4191
5052
3768
3803
3763
3184
4621
5295
5747
3521
2858
3099
2843
9460
4297
6175
4218
4105
3832
3488
4015
3370
3005
6186
4398
7648
6264
3695
2848
3295
3498
2576
5924
5756
5864
3932
4246
4670
3553
3709
7232
4117
3485
3044
3208
5150
3133
3454
4773
4519
4166
4474
4024
3790
3504
2818
8289
4634
3585
4738
4353
4466
4145
3692
8579
3874
3156
5085
5937
3902
3773
3747
3146
3236
4771
3884
3486
3632
3679
5476
3006
5768
7126
4188
3704
4395
3889
2461
3202
3336
3619
4042
4312
5410
4630
3059
6413
3963
2642
3316
2645
3129
3469
2895
4153
5156
3803
3397
6467
4879
4757
5429
3546
3107
3512
3112
3838
2824
2703
6403
4482
6364
4369
3516
2726
4426
5218
2771
2480
5392
3652
3998
7546
5209
83639
6354
7978
4120
3743
3398
3629
3948
4586
2898
3129
3627
3236
2706
5681
3669
4329
4465
3417
3278
2408
2809
3419
2663
4496
3451
7713
3784
2950
7943
3521
3736
3368
4663
7615
3212
4316
3685
3034
5327
3181
3112
2758
5625
4185
6440
3902
3890
4252
8568
4091
3031
4047
4144
5415
3268
30146
8831
4604
3919
3644
4110
8746
17961
3870
8149
4194
4666
33773
2317
2198
5117
3655
4049
4366
5122
2846
3477
6154
3701
2579
4648
4451
3826
3906
3621
3539
3352
3095
4987
3320
3570
3621
5662
5667
4584
3551
3457
3590
3375
2923
3102
2785
3855
2927
5551
2885
3675
6681
3888
5648
2953
3949
3672
6325
4577
4712
3999
5645
2647
3337
5019
3909
2631
3692
3240
3417
3048
3752
2972
5263
3701
3631
3229
3587
3226
3417
3470
3676
3712
3150
6070
3611
3265
2735
3799
5750
4003
5086
4341
4359
4566
2890
3577
4089
3297
6083
4070
3066
4767
7053
4950
3220
3507
4513
3728
3346
3933
5858
3584
5774
3060
2849
6164
3287
3178
5766
7058
4176
6215
2837
2243
2475
2175
6025
3658
3662
3231
3997
2770
3703
2737
2211
1913
1822
2830
2268
2023
2084
6839
7482
2955
2829
2895
1873
1864
1951
2174
2035
1821
1815
2396
2237
5120
2607
2506
2398
2882
5529
2657
2609
2297
3224
3262
2499
2203
2770
1975
2077
1818
2206
2560
1867
2996
2307
4277
2093
2159
2697
2901
2340
4521
2701
2699
3110
1642
1806
2514
1741
1797
1884
2102
4275
2499
3081
3094
3171
15382
1845
3390
2256
2468
1700
1978
2006
3108
2603
2220
2014
1843
5157
2094
2020
1808
2153
2955
2966
2079
4006
2000
1729
4358
2166
2436
2959
1533
7806
2252
2914
1995
1961
1964
2542
3594
3021
3124
2927
2468
2297
4189
3227
5797
2834
2995
3083
5019
3134
3987
4147
3803
3165
4364
3024
3732
2575
3010
3678
5873
4141
4402
3675
3031
3970
4360
4199
5432
2805
7258
4117
4084
3531
4797
3948
5651
3402
3711
3159
3775
3588
3265
4169
6960
3188
3888
6655
7165
5045
3478
5295
3318
4403
4372
3914
4016
6866
4147
5541
4031
2761
3137
2590
4035
4185
4772
7002
5081
4267
3626
5640
4270
3309
2670
2356
3149
3552
3512
4737
7761
7473
4890
5530
3998
3848
3870
3408
3401
3396
5220
4209
3396
3283
2506
3534
3465
3365
2630
3291
3342
7051
7841
2964
4367
5987
3667
4348
3634
3573
3453
2204
3117
4948
5584
6914
4413
4081
6693
3382
3879
5005
31984
3558
3034
5889
4424
3877
5222
4126
3429
2743
2430
6231
2904
3360
3152
6052
2898
3428
3243
3074
2680
2694
2943
2729
3081
2849
2921
3274
3120
4712
4174
4789
4616
3670
4368
4017
4152
4048
4084
6382
2863
3195
2284
9230
3294
3070
2928
3426
3966
4972
4274
3733
3996
5407
42946
3565
3322
3223
5885
3640
3702
3665
3608
3749
3594
3663
3028
3300
2717
3271
5508
2842
2672
3584
3489
3145
4668
5198
3963
3457
3219
3037
4844
3790
2426
2685
5362
4525
5164
3918
3481
3826
3523
2470
3549
4302
3922
6027
5341
4294
3455
5280
4499
2535
2620
3330
2991
9929
3906
4089
3298
3761
4215
4842
3678
6661
3517
4285
3086
2635
2792
2921
6658
4583
4866
4497
3876
3373
3242
2880
3607
4872
5575
4099
3584
2793
3359
4475
3391
3485
6853
6367
3996
6033
3668
5300
3965
4303
6360
3997
4869
4544
3157
2454
2928
2883
5225
3288
3458
3103
8337
3816
3772
3534
3549
4309
3206
2888
3521
3336
3459
3917
3196
4477
5809
3155
3701
2740
3633
3126
3518
2960
3043
5950
3170
2551
3772
194041
217259
188046
204170
10341
4504
8277
3877
3499
2806
2955
4271
2787
2806
2831
3257
3116
2683
2402
6701
3944
7514
2824
3896
3397
2558
2472
2665
3215
2951
6554
4215
3447
7806
3960
3524
3654
2579
2777
3661
2988
3293
3545
3463
2817
6127
2970
3250
3219
3060
3705
2976
3359
3646
3153
3011
2621
3429
6560
3775
3934
2841
4097
3811
4762
3342
13946
4351
4313
3642
6520
4969
5981
3481
3978
3642
4406
3854
4525
6060
3137
2659
3340
3050
3334
3616
3363
2800
5313
2978
2911
2708
5490
3078
2706
2546
2418
5334
2601
3713
3643
3154
5622
3001
3242
3447
3664
2805
5404
2803
2828
3350
3022
3251
2592
3100
2790
3136
7128
5094
3600
3890
5073
3694
5385
2784
3254
2839
2786
2762
2819
2875
3611
2264
2742
2767
3112
3340
5512
3011
5465
4335
3820
3547
3888
5702
6516
3255
4612
8276
6562
7363
4590
3659
4385
2906
2930
3268
3958
4366
108169
299878
205882
204862
7468
6834
5911
5290
5348
2788
3537
2949
3115
3589
2557
3399
3422
4233
4922
3104
3632
3324
4165
4433
5203
2553
3066
3737
3503
4764
3299
3079
3377
5184
2494
2494
3229
3978
3514
6605
4945
4987
4939
7414
5538
4424
4274
4594
4723
4900
4403
4805
7477
4286
3522
3444
3720
3765
4911
3277
3811
7321
4161
3642
3133
2702
6169
4688
4074
4118
4669
4572
5026
4414
3255
2942
6133
4457
3861
3683
3067
3092
6204
2819
3574
2820
2703
4018
2798
7950
3721
3870
4414
5182
3887
3935
3736
5383
4831
3505
3479
6746
4450
4896
3789
3569
4654
3584
4046
3282
3605
7734
6536
3567
5646
3528
3622
3743
3545
4752
3157
3424
3615
3705
6753
4976
