108331
199557
209788
404218
414135
199339
18948
6847
4864
3930
2989
3796
3823
3714
3801
3656
5121
3452
2781
3704
3635
3183
3947
3733
3568
3763
3566
3428
2789
5292
2974
3421
9024
6041
3782
3663
2949
4610
4591
4256
3872
9025
4414
7559
6279
34229
8443
7260
3904
7318
5023
3154
3476
4756
5646
4365
5152
6881
3832
3326
3285
3435
2887
2937
6024
3807
2900
2700
6132
3184
3337
3323
3464
2813
3598
3988
2996
3279
8923
5235
2954
3992
5017
6928
4280
3544
2789
4345
3598
5580
2642
5442
3679
11618
4496
2814
4441
2587
3216
3880
3237
4356
7885
5327
5837
6518
4508
3625
3355
3824
3315
5208
2835
4532
2866
3838
3161
2730
3556
4502
4428
3364
3366
4184
3629
6013
7876
11691
4849
5143
2946
4421
2736
4950
7101
4264
7729
3706
4101
5349
5733
4700
5219
6743
8172
6847
4675
6946
8575
12030
6539
6181
5887
4371
6432
2986
2324
5257
3746
3790
4090
3824
5028
3038
4007
3182
3704
4042
4396
4401
2955
2160
2409
2384
2819
5080
2416
2304
3268
2278
5771
3268
4634
2780
6129
6646
2967
3360
4234
3676
7137
3657
4756
7841
3076
3941
2623
2553
2616
2407
3183
5484
2379
2407
2382
2500
8501
4577
4229
3250
3623
3271
3353
2830
4076
3659
6401
2483
2981
2673
3585
3815
4359
3896
3530
3845
3193
3091
5486
3355
3390
3069
6460
5399
3146
4503
4211
3998
4905
4424
4359
7823
6161
8390
3745
4307
3175
6852
4578
5519
3849
2896
2551
6278
3953
3304
3584
3429
2746
4024
3792
4211
4036
4248
6595
3270
3760
5147
3512
4409
4524
3991
3223
3706
4269
8889
4308
6660
3037
2905
3514
4419
5755
3520
4617
3890
9458
3902
5624
6473
3510
3957
4055
3405
6547
6050
10605
8921
4226
4907
3740
4018
3244
4056
3789
5014
6266
4372
4348
5922
5066
2989
6214
4068
3581
3119
5819
3849
4040
6561
4596
4054
5782
4418
3440
4584
3443
3720
6076
3852
3712
3472
12015
3840
4089
2750
4955
5970
4196
3424
2718
30935
8647
8338
3071
7573
6965
3176
7835
6021
4039
4855
5103
3506
4397
4946
3163
4098
2727
2846
5743
3964
3929
4770
3571
5863
3019
2935
3690
5095
3745
3761
3837
3663
3638
4009
2789
9739
4478
9453
4853
4205
4223
5749
3856
4747
8646
6221
4908
14420
4378
5631
9664
5356
3927
8493
3483
3604
4314
3624
3635
4211
3157
3456
3178
8490
4317
3660
8710
7077
3822
3817
3059
3536
6095
3486
3472
4271
5777
7157
3791
4158
5858
4187
3299
7036
5929
4140
3321
6885
3494
3481
2993
2913
3056
2941
4041
5573
7343
7604
8088
6209
2933
2763
3048
3166
2999
6602
7028
12202
3034
5116
5921
2849
3419
3094
7633
3373
4096
7944
3314
3232
2573
3009
4893
3047
3050
5014
2850
3678
3031
5970
8336
5154
3745
3932
4133
3746
4334
4750
8227
3252
3857
8433
4911
3801
3160
3372
3096
5100
59938
4491
4759
7827
5747
5209
3392
3021
3270
2794
3551
3987
3146
3825
3310
4494
10180
4002
3098
2998
5318
3895
4976
9247
3317
3204
4885
3034
2752
3328
6718
4016
4492
4198
3023
4641
5858
4176
4209
6341
6496
4764
3793
4174
6390
10967
7958
3441
4331
4934
3083
4698
3760
5297
5878
3957
7041
3372
3857
8639
4049
6518
8779
6300
3493
2979
7964
5129
6817
6068
4609
3224
3161
4808
3031
8825
3164
7837
3270
3279
4408
3149
4175
7292
7273
4267
7179
8121
3317
3582
4983
7328
7011
4421
6376
3939
6908
3580
4248
3398
2957
2875
5639
3406
9621
4272
8697
4845
3213
9170
31057
8748
5805
3671
3562
3886
4821
7255
4207
5414
6203
4470
10335
3859
4073
3027
2949
2948
8694
3162
2976
4911
3069
5408
3848
3754
2783
3871
3509
6544
5273
3161
6398
5937
5176
3913
4738
3292
4112
3831
3505
10646
3301
3566
5565
4362
6131
3608
4108
3350
3624
12145
8476
4580
3762
15354
4795
3562
3135
7778
4572
7412
5220
3728
4576
3009
3923
3554
5238
3621
3296
3730
5828
3016
4372
3645
3372
3487
3224
3344
2608
2765
3746
3018
5087
3918
3109
4203
3078
4420
4017
3554
3327
3934
3875
3111
6697
6090
7538
3660
3903
5099
3376
3308
2524
2548
3089
2433
3241
7816
2908
3037
7037
3155
3182
3614
3564
7893
3928
4945
3327
2789
2953
2220
4613
2954
2355
3232
4102
2727
3383
2729
2387
2407
6399
3378
6304
2989
2809
5596
3780
3832
3070
3773
3125
2896
3838
7928
3500
2963
2692
6864
3991
4086
2796
3191
3305
3710
3884
2938
2987
4971
6061
4389
3967
4714
4449
3370
3954
3349
4792
3742
2952
6758
5424
3277
5349
2833
3523
7226
5166
4467
4166
3084
5350
6586
3469
3831
3097
3497
3761
4623
3013
3978
2927
2895
4750
7288
5377
6562
5908
3127
2831
2790
3419
4018
7631
4140
3141
5920
5143
4566
7919
4227
4961
3543
3110
4218
6989
3473
5039
6303
3770
3334
2747
3784
5251
4027
2820
3165
2836
2945
6495
3409
3034
3025
5022
2892
3338
3919
3572
4533
3399
4337
6142
3714
3843
6600
3495
5535
3960
6919
2978
3269
2945
3013
2931
4990
3062
3031
3338
7123
5353
3021
3934
4904
4276
13013
3747
179311
122524
200648
11939
5277
3654
9021
5437
4764
3670
3311
4010
5453
4020
4420
9920
4035
2968
3843
6126
3898
5705
3392
6431
7504
3949
2854
5757
4070
4054
2855
4674
3324
3782
4517
2300
2871
2443
4573
2929
2353
2981
2131
2723
2332
2317
1886
2405
3332
3148
5737
2666
4132
6677
2978
5354
4191
3681
7221
3773
3939
3171
3027
10678
9490
3594
4414
4367
6509
3763
5337
3452
3695
5629
6402
3781
3920
5133
4864
4196
2841
4135
3184
5755
3981
3012
2918
6716
4807
7229
4009
3880
4451
5330
3926
3316
7948
7102
3775
3906
5172
6985
3738
3444
6291
3613
3770
7734
5929
3176
3074
2994
2748
4660
3485
4839
3526
3325
3026
10708
4524
3374
3973
4454
3969
7177
6773
5041
3989
5961
4055
3023
5968
3881
4019
5640
6258
3986
5244
11301
5908
3234
4507
4273
4039
3859
3056
5365
4547
3343
5055
3866
6016
3647
3351
3437
6067
6697
4559
3556
6644
3670
3955
3115
9647
4917
4025
2986
3491
5566
4163
4633
7866
45643
14975
6679
2952
3673
5087
6852
5138
5567
4237
3453
6536
3170
3466
4563
4123
5744
2963
3665
7793
4656
6224
4676
4248
3825
5054
4383
11444
6443
11343
6533
3237
4382
4004
5049
3648
5852
8013
4783
3931
6906
4727
4692
3977
2948
4573
8288
4351
8954
5580
4199
3889
7734
8301
7751
12011
4906
7924
8059
12960
4003
7740
4489
3597
6933
4292
4678
4677
7713
3754
3899
8590
5282
4326
4321
4149
6815
4097
4953
6114
4715
5138
4996
5270
5908
4542
5830
8405
4997
3506
6424
7846
4881
4895
6088
11241
7855
3710
7257
2875
4153
7135
5767
3036
5049
6851
4774
7022
10207
7785
4048
4549
4837
10592
3856
3014
3979
4020
3741
3241
2781
3836
4207
3717
3720
6105
3487
2647
3710
5185
3551
5397
7243
6017
3731
3776
4054
6582
3696
3917
4224
3558
3832
3425
4090
5614
7089
7984
4007
3657
16266
2969
3040
2729
3547
2451
3008
2731
3861
2279
7971
5056
3902
4858
4100
3045
2742
3264
2863
2978
3858
5215
6158
2655
6822
3271
3779
4144
5005
5021
3668
4183
3847
3047
5931
4965
4085
2983
3955
4019
7931
4086
4596
6011
7151
10213
12414
9869
5436
7130
8751
6765
10275
3494
3609
4315
3614
3748
6268
4688
4072
8976
3651
3808
4092
4188
3165
4911
3958
3889
6801
7383
4755
5974
4315
4451
4795
3422
4362
6511
5049
5519
5334
4420
3280
3313
3984
7693
3251
4327
3529
5870
4228
5620
7775
4207
3497
7673
3512
4964
5561
5739
8283
28882
7884
6916
3589
3951
3576
3660
5819
4363
5437
3333
4946
7242
4357
13248
3508
3555
3057
5802
4098
6523
3868
9328
10109
2853
4905
4740
3368
2948
4736
4153
5327
2995
3694
7746
4219
2979
2887
2952
3094
2547
4062
3075
3878
3591
5368
4897
4535
4806
5817
3863
5352
3804
3972
3849
6990
5090
3905
8417
4590
4251
3614
7099
2935
3917
3563
3444
5838
3660
2533
3195
3524
3744
3414
3098
5882
3011
3681
4192
7885
4033
3808
5136
3860
3771
3255
4756
2638
3242
3250
2928
3496
3426
6073
4446
3381
4170
3720
4018
2794
3398
4252
3578
3572
6015
3203
4658
3055
7237
3558
2944
3193
5056
4329
3896
2782
3607
3342
3125
6494
5043
3404
2756
2839
3173
3059
2993
2773
4175
4023
4348
5661
3796
5792
7106
2739
3124
5085
6051
7633
3878
3118
5621
3371
2707
3029
4675
3547
3100
2688
3019
2459
5114
3681
3819
7651
6100
9154
3908
3045
5697
4904
2816
3605
3390
3614
2886
6107
2832
2829
3641
3354
3765
3119
2767
2596
3409
4686
2824
3074
5423
3141
2837
2957
6895
3665
3622
4201
4407
6552
2548
3172
3449
4034
5912
3255
3212
4281
3499
3655
2984
3428
3913
4693
5143
6130
3520
3487
3958
5081
3607
3848
3434
3711
2975
4704
2854
3282
3015
7990
4385
3631
3558
4192
4226
4071
3638
2781
3395
2786
3956
6826
4281
2735
2788
2773
3027
4268
4451
3068
2885
2797
3456
3043
3827
3810
2523
5268
2890
3017
7757
3090
2567
2875
3088
3022
2871
3548
3480
5661
9851
8552
3585
4297
3984
4184
2667
3035
2894
3084
2927
3149
6063
2507
3014
2611
6752
2989
4077
3420
3564
3637
2960
8012
6133
3087
6094
3847
3749
3834
2993
5373
3007
3778
2966
3797
8196
4107
4081
2693
3763
3816
130593
4676
3336
6597
4018
3660
3643
4195
3494
3886
2732
3298
2850
3062
52377
4263
3269
7478
4150
4479
4912
4859
5855
3918
3842
4467
5771
3111
3968
5516
4043
3610
3482
3080
3157
5079
4712
7775
3888
7593
3120
3520
5506
4355
4068
4133
3508
3352
2957
7903
3023
2969
5669
3408
2885
2493
3377
3522
4300
2869
4813
6740
3538
4298
5559
3492
2966
2778
3082
2981
4182
3394
2770
3118
2859
3027
5995
4309
4531
7209
6705
4681
4591
3917
5378
5601
3942
2580
3352
5560
4322
2760
2944
3243
6032
3709
3129
3673
3539
3186
5697
4083
8827
4885
4117
5948
5829
4085
6750
3957
3978
6243
3629
3955
4083
5180
3792
2956
3642
2888
4123
7340
4393
3660
4962
5743
3142
3942
4059
4160
4770
5967
4897
3790
7399
4363
3435
4648
3470
3735
3672
3361
4254
3999
7163
3687
4615
7570
3137
4307
3929
3999
5181
5862
4789
4070
9243
4602
4103
3619
2920
3382
2396
3169
3113
2907
2882
7035
4686
4418
8131
3744
3000
3460
3679
3004
3648
5736
4741
3135
3001
7085
4510
5074
3815
6098
4569
3724
3760
1985
2012
4833
2531
3056
4223
7136
3646
3976
2823
5222
3622
4542
6602
3554
3540
7008
5000
3915
2527
3143
4137
5842
4209
3737
6265
5600
4311
8997
4339
3640
3561
3122
3057
10156
3958
4211
7808
14658
13047
4854
7154
4868
4061
12149
3403
3050
4342
3936
5419
36747
3690
3140
2853
2883
3326
4775
7857
3955
4840
4172
5668
6789
3442
3485
3593
6872
4031
3969
10185
3729
4731
14151
22718
13296
3974
13638
9869
4176
8939
3697
10952
4004
4415
3495
5342
4081
5682
4508
4545
4190
3954
5083
3524
2780
3406
3995
6039
4102
3797
3129
6730
4018
5074
3845
5017
4074
3975
3970
3824
5500
5855
3381
7111
3468
3461
4003
3719
4458
5337
6053
3523
3999
7659
3836
5237
2878
4082
3872
3222
3863
7827
6760
4928
7086
5033
5163
3616
4073
4822
4124
7194
3964
3602
8141
4218
3982
3644
3365
3780
3364
4747
3135
3730
6177
4751
8067
4995
5648
4153
3287
3877
4760
6689
4177
4870
6118
4522
4427
3893
4131
3681
4315
4218
5611
6112
4031
15834
5743
3148
4334
3594
5348
3610
3856
3571
7340
4136
3946
2799
4232
4627
4185
4784
4148
6039
3664
3300
6699
4540
3514
3731
6335
4535
3893
5057
3439
6234
6966
2909
3257
3038
4107
3028
4179
3658
4230
4078
3796
7893
3879
5690
3591
3051
3426
2981
3974
3673
4597
7172
3443
3617
7254
4287
4319
4978
3882
5654
3820
4572
4596
6122
4401
4268
3487
3341
4436
3198
4830
4522
4322
7999
4231
3697
7029
3489
4664
7578
4571
3498
3981
3921
4999
6143
3778
3828
5466
5583
5745
5855
2699
4458
6323
3339
3080
3236
6751
3412
4665
3837
3552
3767
4865
3351
5575
3004
7260
3001
3713
4105
3844
3880
3776
2873
2583
3889
4877
8295
4052
3258
9248
3882
3854
5194
4264
3639
3715
2850
3228
5938
4140
3882
6129
4029
4009
3711
3919
4260
3740
8046
4039
3594
8313
5121
30386
7472
4547
6739
4283
4436
4638
3613
5498
5045
7715
3534
3436
5595
3147
3321
3814
2862
3386
3990
3697
5059
4028
3793
6380
4531
6189
3561
7312
4231
3850
3925
3853
6007
3032
3457
3765
7722
4890
3888
6137
3752
4115
4141
6688
5641
5493
7813
5120
4956
3503
3824
3342
5329
7049
3886
3890
6031
3515
3399
3434
3322
3976
4040
3993
3640
2912
3824
6805
3440
3835
3036
5713
3802
4384
3967
3844
3462
6210
2830
3552
8888
4058
4259
2455
4507
4311
4161
3545
2893
3444
3180
4854
2406
4337
14716
3751
2769
2977
3123
4025
6111
2921
2711
4501
7701
3740
5942
3107
3928
2713
2553
2828
3229
3081
4015
5417
3124
3992
6734
5609
4967
3972
4382
3265
4151
5277
4405
3858
7147
4915
3984
3992
4216
3802
3820
3972
3738
3037
5678
3140
2465
2479
4115
2908
4781
4297
4085
3925
3673
3815
5801
3330
4049
6329
2880
3246
3803
3242
3442
3220
3078
3092
2977
2961
3306
5315
4619
3251
6553
3285
3283
2369
2968
4410
3311
3429
3887
6476
3802
3494
3464
2460
3563
6105
3115
3285
7541
3421
3599
4641
6205
4834
2909
5923
3026
3758
4077
2901
4077
3800
4902
6311
3059
2484
7776
5334
3756
4528
3923
3131
3675
2439
3072
4338
3530
7531
3426
4313
4646
3627
3341
3596
3358
2827
2575
2960
2709
5395
3219
3212
3491
7951
3696
3359
3985
5211
4667
3534
3078
2867
2745
5821
3821
2833
4823
3841
5227
3226
3284
3992
2737
5212
6142
4360
3977
7851
2964
5235
3012
2984
4104
3149
2565
3078
3654
4194
6641
2507
3665
4610
2733
2911
3154
3603
2624
4257
2758
3764
6237
3518
5239
10120
6185
4767
3601
4109
3942
4293
3798
7529
4950
4143
4611
5674
3145
3266
33119
3521
3626
5210
3483
4065
2747
3690
3015
3107
3312
5447
3557
3334
3948
5254
3756
5611
4237
4045
2935
4095
6574
3923
3502
7051
2880
2753
3847
2455
2546
4052
3253
3236
2693
2858
4094
5742
3913
3335
3351
3840
4489
3099
3244
4594
3848
3306
4357
6510
3233
2999
6464
3587
3515
3657
3621
4334
4739
3626
4746
32564
5637
4397
4170
3915
6065
4132
4947
5331
3927
3083
4694
4524
4538
3423
3639
3955
8344
3285
3437
5040
3440
4773
4225
4148
3496
3207
4351
8074
3161
3511
6547
3796
3005
2926
4018
3455
5344
3894
5001
5436
6761
4100
9118
6465
3911
4014
4266
4087
5670
3896
4238
3637
5201
2966
3049
3079
3781
3409
3632
3716
4436
3478
4253
6103
3261
138277
8118
4737
7386
6431
2967
4314
3385
3540
3424
3303
4381
3639
4059
5408
3356
2925
4270
3683
4096
4130
4768
4721
5266
6360
2897
3384
7267
3103
8266
10318
4387
4660
5735
6608
3673
3221
5007
5885
5009
3979
4255
3727
3386
7651
4882
3075
5849
3135
2984
3306
9559
5942
3932
5073
3819
10076
6828
6433
4509
3718
3280
3885
3868
6076
3967
3611
6725
3674
2900
4113
3108
4559
3232
3783
3659
4754
3488
6268
6974
4410
3049
6051
4114
3484
3733
3607
6517
3929
3548
4287
5979
4974
3935
3978
3503
4323
4199
3234
3167
4160
6143
3687
3337
3635
5219
4922
3271
4548
5058
4316
6326
3896
3568
6889
3083
6945
5864
3578
3374
4679
4059
3607
7168
3895
4241
4388
4490
4243
4065
3412
2863
3275
4198
6016
3965
3798
196109
395471
199367
409842
210569
415083
204598
135925
4480
3066
2693
8354
4690
2890
2796
2392
2891
3539
3047
3503
3238
3493
3163
3049
2716
3450
5509
3112
2868
3941
4741
3048
2260
2644
2336
2547
2249
2502
4404
3091
3031
3621
3309
5087
2760
2584
2928
3949
3321
3195
3312
2627
2623
3173
3141
3824
3574
6105
4693
3430
7109
3985
2681
3258
3548
3046
3645
3446
2583
3015
3325
2933
4928
2504
3650
3034
3144
3230
3248
4365
4638
2751
2564
2791
3111
5003
3526
2508
4452
5605
2790
186602
386773
200185
404810
204721
252388
48193
4184
2602
3507
6274
4492
7422
4646
5306
3238
2643
3965
3776
6078
2898
4750
4256
6093
4837
4368
3694
4056
3967
3829
4724
4251
3830
4147
3258
3786
3964
3567
3280
3006
3970
4061
3425
3291
6260
3910
2902
3526
6971
3348
3144
4129
4593
3831
3681
3513
3903
3738
5397
2431
2907
3240
2758
2592
2212
2831
2670
3948
3442
3714
3731
5048
5454
3614
2639
3130
2775
4373
3265
2785
3608
3110
8173
3720
3254
3246
2560
6536
3696
3154
2591
3718
4127
3378
3303
3237
2839
4786
3357
6004
3870
2874
3005
4004
2332
2677
2706
3434
8432
6810
5612
3474
8994
4015
4174
3147
2906
2910
2796
4048
3077
3010
2895
3122
3098
6635
3874
3985
3108
3018
3815
4323
3592
2866
9015
4169
3665
4257
6835
12776
11535
13438
14547
33563
3467
3329
10322
7721
8018
8093
3049
3710
4475
5835
2787
2743
3308
8750
5280
4795
3559
4744
2817
4607
4066
3737
2810
9035
4524
3507
2903
5074
3162
3581
3369
4166
4871
6854
3194
2763
7185
4099
3617
4379
4174
4677
4951
3754
3283
2851
5559
3312
2933
3394
6168
3608
2733
2950
3948
2693
3009
3726
5420
3042
3412
4069
6949
3001
3293
3086
3777
3941
3895
4154
4134
3292
6625
3958
3180
3814
3519
4370
3593
5652
3376
3777
3628
6125
5496
2734
3829
5997
3659
5310
4389
3721
3248
3853
3193
4299
6992
4348
4260
37430
3480
2863
3655
6010
3476
4301
4168
3954
3541
4438
3911
3378
3955
6845
4079
4083
3720
3423
5528
3791
4798
4313
3032
3003
6216
3404
4247
6095
2973
3139
3509
2321
2892
4481
3396
3738
3199
2838
4221
5122
4394
5298
3140
2296
3505
2693
2185
2277
2739
5077
3126
2979
4526
2952
2585
2710
6485
3324
3254
3413
3246
3055
3012
3270
4036
2912
2509
2813
2057
4274
2584
3015
3657
4816
2952
4335
3251
3048
3194
3667
6747
6244
4389
4610
4871
4719
4048
3996
5159
4028
4537
4805
4520
8902
8920
129181
7430
7201
6970
5195
4923
4058
4678
4236
4050
3930
2866
3102
5916
5487
4497
2556
5010
5215
3487
2671
4829
3708
7132
4257
3849
6854
3948
3669
3360
4288
5591
4955
4341
4187
6983
4608
8366
3413
3671
3971
2526
3827
3808
3200
5193
3889
4944
2694
4693
2803
2710
2609
3645
3406
3133
2494
2770
2585
3592
2992
2733
5243
3207
2959
2939
3077
2922
4163
4720
3559
3535
3440
4456
5887
2439
3579
3727
6446
33800
2890
5120
4566
4012
7622
4213
2502
2697
2708
2738
2540
2572
2806
4627
3111
2815
3719
3177
3099
4480
4192
3001
3818
3085
2823
3154
3208
2867
7687
5261
2855
3106
2997
8312
3027
3589
3520
3132
4154
2935
4918
4422
4598
7247
4387
6355
5151
4978
6826
4671
54029
4170
2830
2974
6101
2490
3509
3581
4299
3885
3995
3755
6217
3819
5454
3008
2729
2812
3089
4662
5638
3212
2739
3602
3182
3366
2749
4957
2571
2474
2656
6811
3642
4410
3999
3816
3096
3216
4492
2911
3192
3007
4773
3085
3116
3711
6233
3773
3559
2995
2602
2890
2989
3561
2899
7426
3894
3012
7442
4270
3696
4739
5591
3467
3470
2801
3746
3456
5205
3377
3118
3080
5011
2966
2749
3046
2697
2957
3508
4020
6785
4540
4079
7501
3363
3495
2433
3504
2899
4764
4306
3982
3677
3157
6027
5153
3113
2969
3716
5766
5083
4455
4065
4464
6802
3702
3662
8387
3378
4409
3514
3857
2766
3268
2716
2742
2644
3331
2496
5682
2937
4300
6649
3841
3981
3346
3574
3289
3303
3735
5984
3700
3143
2374
8692
3078
2874
2795
3042
3598
2656
2671
2868
3162
4062
3283
6292
2979
10150
4778
3733
3107
3568
3165
2645
3418
5575
3392
2482
2571
6396
3447
3329
2781
3942
2695
3006
3703
5456
3026
3621
5240
2951
3320
2580
6109
4071
3019
4089
2842
3101
3046
3700
6167
3370
4023
4149
6780
2665
3650
3720
3426
3978
4058
3035
3468
3265
7182
4010
3894
4674
4420
3957
3658
2931
3794
3217
4195
2616
5351
3314
3315
7660
4224
3799
3367
2856
3163
2782
3142
3228
3121
2488
2885
2812
7017
3137
3071
2674
3287
131640
331239
199611
410526
211013
16412
12226
8712
4747
5170
4640
6437
4923
15139
4434
3502
4503
5002
9479
4295
7087
3336
3116
3673
3788
3497
4713
4045
3670
2901
3545
5870
3622
3505
4481
3310
3084
2809
4177
2737
2841
3186
2805
3149
4731
3042
2795
3265
6999
3917
4112
4855
4385
3550
3793
3118
3167
2656
3126
5039
3133
2947
3572
3200
3120
2703
3103
2834
3607
3316
3067
3857
5927
4670
2859
6221
4439
3938
3402
3494
4137
2572
2827
2937
3034
2871
2855
5679
3844
4658
6194
4136
3206
4240
4232
7801
9105
5031
7947
4381
4630
5152
3886
2991
3284
2850
2924
2983
3047
5608
4034
6182
5763
5065
3832
3368
3012
4391
3279
7978
4198
4551
5121
6317
3933
3208
3296
2607
3117
2961
2878
3466
4155
5691
3273
3298
4254
2365
2975
2476
2449
3456
2760
3717
3312
4461
6089
3786
2836
2256
5032
3237
2688
3923
3073
2823
2897
5912
4123
4057
2943
4944
2545
2154
2742
3968
6543
3089
3598
4063
120013
319234
199251
204903
209738
104769
5220
89205
210330
204258
204644
205538
199805
6939
3364
4361
6663
4376
4033
3372
7182
4875
4021
3390
3748
5382
5358
3507
9927
4692
5593
4638
3836
3466
5357
3772
2720
3177
5850
3917
3627
2690
2961
3534
3105
3341
2419
2506
2885
2208
2177
5722
3008
2521
4437
2275
2302
3217
2309
2581
2435
3140
2537
2497
3332
2556
5615
3131
3377
3284
4998
3794
3198
3814
2385
3034
3544
3125
2779
2819
2748
2797
2752
4795
3737
4199
3496
3130
3715
3657
3332
3536
3504
4250
6067
4113
2723
2497
7851
3639
3077
3184
3427
3312
2979
2481
3461
3633
2714
3400
9817
3188
2785
3035
3963
3665
3441
3004
2908
2778
2687
3250
6265
3471
3446
3922
7321
3884
2634
2377
2603
2376
2500
2645
2462
2852
2805
2756
2463
4466
3191
4002
2693
2519
2897
3191
3693
2396
2476
2513
2710
2608
2532
3277
5335
2927
3009
2915
6140
3996
2530
4276
3011
2763
2539
2424
5290
4907
5370
5603
3063
5940
6517
4582
2603
2894
3156
3039
3393
4345
5788
4031
13316
3195
2631
3092
2357
3486
2652
2231
2625
3615
2902
2856
2397
7253
2631
2590
4030
2314
3476
2766
2791
2395
2918
2718
2285
35098
3914
3978
3123
3823
3570
4332
4276
8348
3417
2988
3683
3255
3808
4498
3085
4948
4164
3772
5622
3338
4041
6611
4650
3949
4299
3863
4807
3899
4220
4340
2809
5236
2554
3052
2400
2873
2732
3480
2260
2387
3099
2612
2513
3881
3244
6000
4608
3517
3514
9227
3675
2942
2719
3018
3332
3644
3395
2805
2557
3129
4225
2987
4955
2702
5200
3105
2576
2309
2487
3177
2609
2788
2513
4763
6678
2803
3043
3590
5279
3613
4335
6983
3854
2909
3009
3953
2989
3989
5582
2683
2736
2778
6034
3303
4445
7473
3109
2748
2714
6047
3275
4157
7660
2908
2882
3095
3056
2822
3061
2645
2516
3266
2390
2871
4315
5611
2980
4794
5293
5659
2945
2612
3388
2949
2773
3276
3469
4454
2924
2806
3534
7427
3705
3138
3118
2634
2867
4003
3644
4595
4475
3679
6284
3468
2672
3588
4016
4015
3711
3993
5002
3939
3096
5189
3895
3993
4037
3633
2996
3239
3743
10326
3245
3219
2314
3088
2781
7061
4215
3605
4067
3014
3124
2691
3199
2882
2628
4535
2518
2219
4115
2334
4080
2447
2882
2824
3185
4309
3678
2629
6653
4478
3684
3191
3223
2624
5481
2625
3989
8193
4676
3194
3224
3155
3120
2715
3227
2749
4727
3617
3224
3455
5069
4346
3878
3204
2923
2601
2873
4953
3614
3721
3487
6682
3421
3960
5940
2980
3721
2507
3142
3160
3134
3135
4119
5074
3795
2683
3844
4420
3829
3759
6530
2568
3648
2661
3074
3392
3308
3891
4522
2751
2512
3053
5535
4657
3540
3330
4040
3482
3498
4064
6858
5462
3471
5607
4087
3234
3076
6701
5367
4302
3661
4977
6810
4505
8254
4582
3572
3700
4361
3357
3071
2865
4965
4369
4105
7065
3690
3916
3962
4169
5066
4250
3534
2976
4881
6964
3979
4005
8128
2971
3733
3166
118772
4343
3575
4146
3607
3365
3640
4205
2732
2526
3048
3668
2834
2739
2596
2582
2523
5247
3168
3089
4759
4289
4040
4240
4265
3871
3506
4084
5645
3673
3109
3827
6852
4018
3761
2363
3286
3492
3049
2914
3051
4210
2736
6025
2975
2999
2972
6118
3368
2787
3301
3201
3889
3169
3300
5207
3792
3933
3737
10764
3961
4471
3442
5173
2697
3203
4063
3727
5796
4522
3641
6089
5242
5974
3527
4350
3840
6203
3445
3209
4244
7285
3461
3078
3837
3496
3023
3330
2702
3036
3249
2931
3464
6635
4213
13387
4329
6143
3872
3127
2395
5744
4624
3944
7723
3141
3615
3828
3317
4966
3480
3348
2879
3635
3194
5313
3057
4336
6717
3002
2394
2994
2631
2828
2710
2875
3264
2423
4697
3890
3719
7050
3533
2566
2963
2329
3029
6502
3229
2829
4211
3558
5305
3356
3643
3824
6988
4026
3454
2867
2551
2671
3197
4921
5977
3702
2869
2927
5438
2511
2996
2841
4627
3758
3606
2825
4181
3138
2954
4206
5001
3187
3064
5749
3333
3586
2955
21072
3610
3629
2738
4991
3155
3409
2692
4809
2818
3580
3722
5235
2600
4403
7962
4291
4990
5927
3723
2922
2824
6146
3818
3697
8113
5319
3281
2938
3182
2556
2919
2599
2763
4432
3081
2948
2570
2887
8898
4747
2928
3085
2648
3850
3826
3449
2383
2584
2804
3933
2685
3836
5675
4466
3114
2576
2820
3005
3265
2997
2750
3388
8897
3696
4209
3039
3852
5168
4084
3441
4476
9584
4117
2778
6176
4171
5491
2640
3375
3714
3217
4280
4074
3191
3391
10585
2934
3707
3509
3275
5996
3954
7462
4634
2920
5374
2770
6109
3639
5038
2603
3007
2833
2167
5206
3032
4031
4102
3589
2702
3241
4232
3667
3397
2892
2967
4953
3362
3361
30238
6535
4160
3916
4969
4934
4124
3612
3172
3494
4428
4044
3096
4303
2663
6414
3594
4740
6005
3218
3618
3032
4256
4674
3636
3268
6233
4361
3263
6217
2359
2719
3312
2397
3275
2967
3552
3158
4858
3965
5112
6913
3026
2913
8210
3357
2927
2651
2237
2778
3048
3705
6173
2666
2749
3079
3598
4467
3921
3025
3524
2420
2935
3385
3639
3783
5001
3099
6566
2921
3081
3140
27520
3485
4977
3913
3931
7143
2417
3677
3457
3169
2968
3040
3523
3603
3948
3763
4107
6984
3148
3669
7253
3486
3625
2541
3044
4955
5241
6669
3937
3433
5636
2931
3983
3239
2912
3605
3702
3617
4072
4706
3765
5095
3034
3982
6094
3340
5564
2616
3278
8007
2796
7197
3964
4789
5483
3368
3529
2750
3325
3418
5077
3608
4115
3937
3039
6377
5185
3281
5791
5276
4351
4853
3511
4044
4344
5892
3796
3323
6556
2982
3775
3879
3201
3120
5919
3165
5014
4193
6707
6443
7546
5905
4430
3486
2591
3469
3728
2947
4691
4215
3058
6091
3455
4474
4997
3961
4494
6336
3889
3101
5675
4266
3154
2332
5480
3944
2849
3529
4866
5730
5456
6099
4075
3691
6904
3486
3843
3166
3845
4614
4027
4283
5105
3984
5914
2954
2877
2797
14240
4645
4802
3268
3944
5672
3252
3138
2841
5792
2775
3976
2792
2928
3865
4803
3581
3323
3075
2861
5274
6744
3838
7976
3093
4006
3808
4066
3928
4121
5558
4052
4436
6451
4230
3113
3921
4938
4391
4254
4568
2782
3309
5877
5089
3877
22289
4811
3789
5317
3296
3636
2977
6324
4895
2977
2984
3519
4654
4089
4215
3429
2959
5258
3656
3031
3175
9539
3318
2806
2378
3030
2374
2891
4088
6266
5745
5938
6074
3668
3212
3998
3326
3400
3425
3355
4138
2708
2429
6016
3094
2772
6007
46125
3433
3422
3987
3750
4019
3078
2702
2445
2486
2878
2876
2084
5296
3336
3483
2510
7821
3780
3727
3685
3449
3711
4117
4905
2970
3194
2851
6495
86626
6858
3827
4923
4598
3298
3402
4268
5305
3059
3725
2764
2988
3293
4817
5217
3055
5647
2784
3233
3085
2937
2509
2844
3231
3993
5565
4684
4011
7018
3618
3551
4349
3416
3126
4750
3122
3203
2828
3625
2606
4625
3445
2998
2432
4829
4972
6940
3554
3473
3273
3532
4795
3262
3574
3076
4019
3105
2804
3005
2471
4281
3455
6156
3836
3022
3418
4606
3859
2758
3060
2586
3129
2885
2905
3306
4140
4968
3197
3692
5664
3724
3097
3350
3909
3051
4885
3153
3807
6012
3942
2905
3301
2942
3350
6559
3597
3147
7619
4319
3753
4287
4355
3338
3254
3517
6635
5676
7822
5230
2970
2966
3004
5395
6433
3476
2719
4212
7431
2566
2701
7670
3259
3639
4216
4717
3728
3779
5749
3557
2377
2826
6360
5030
4407
3646
2977
2797
2115
3956
3116
3320
2597
6221
4535
3345
5739
4260
3998
4982
4375
3474
3785
3195
5961
2887
2606
2494
4930
2912
2545
2369
2300
2675
3152
4011
2933
3456
3279
3130
2808
5240
3534
3262
3057
4872
4910
3194
3273
4494
4138
3963
3426
7211
3719
3120
4301
2768
2726
2652
2907
3246
3453
3720
2941
3152
3017
3202
2777
5156
2613
3287
3638
6185
5096
2271
2341
2237
2317
2562
2543
2813
2418
4420
2413
2124
2459
3388
5995
4175
4936
3982
5099
2597
2942
2806
2845
3013
2699
5782
3656
3409
3266
3672
3061
5762
4356
3094
2621
4806
2612
5531
2966
3468
4180
4234
3366
3448
3089
8498
4317
3025
31903
2509
3657
2440
2489
2777
9832
5918
4218
2920
6624
2411
3692
4757
2532
3750
5154
4139
2789
2778
2466
2698
4895
3054
2885
3221
4351
2417
4017
2559
3321
3452
3492
3143
3649
5725
3317
2948
3821
7928
4196
4121
4131
3303
3469
3571
4145
2759
4294
6152
4147
6219
4872
2956
2989
3435
3039
2782
6178
5030
3518
2749
2334
2971
7182
3722
4458
3356
7883
4772
6740
2819
5230
3141
3045
3319
2926
6100
2854
2708
3942
3461
4140
4202
5707
2634
2939
2491
6490
2817
2581
3524
3763
4172
4245
3954
3691
2573
2672
2914
4957
3159
2824
2947
3887
3312
3093
2688
2614
2554
2685
2785
5322
5946
2884
3190
3792
6878
3182
3634
3450
2572
2951
3199
3526
2992
2541
2211
3071
2473
5637
2682
2318
2725
12706
2404
2847
2452
2653
3235
3868
2806
5075
2588
2831
2420
7128
2947
2716
2544
2645
5492
3293
2462
2787
2627
2526
2471
3058
5704
2411
3298
8203
4012
2715
3199
2801
2665
3049
2681
3018
7102
5440
12041
3183
2575
5811
6304
3673
5025
4780
5254
6087
3119
6420
4050
2727
2807
3105
4060
2250
2282
2367
2202
4939
2421
2427
1863
2260
5728
2193
2578
2268
3242
3220
2662
3644
2707
2875
2511
3090
2602
3420
8643
3974
5572
2893
3501
3594
2399
3018
2981
2629
3661
6094
3176
3953
3186
6655
3391
4021
3289
4205
3947
3123
3277
3142
3285
4283
6111
2581
2202
3036
8863
3051
2805
2391
3462
3685
3357
3570
5148
3401
3670
5315
3395
86751
3631
5050
6928
3704
3873
5831
3373
3956
4425
5872
3530
16066
4362
3812
5031
3780
3108
3510
4317
5988
2994
2948
3005
8842
6795
5702
4012
5776
4950
4126
3450
152469
352181
199732
409733
210098
409381
199429
206466
6502
3209
3743
7032
2973
4844
3288
5118
3605
3731
2831
3073
2981
2686
5629
3345
2845
4432
5026
3598
2619
3682
2563
2810
4798
4483
4810
2673
4059
7099
3027
2814
4336
3660
5479
2972
4184
3834
4196
3797
5971
4231
3267
3843
4008
3730
3395
2844
2699
4900
2908
5555
3562
2999
2992
6896
3522
3352
3206
3452
3484
3328
3792
3712
2882
2853
4172
6732
3706
3949
7497
3684
3302
2833
3072
6857
2932
5467
4219
3396
6671
3407
2883
2709
3179
3132
3780
4188
3357
4025
3357
3003
5361
6596
36638
4164
3040
2923
7501
4539
4155
4007
7938
3916
3944
4980
5525
3318
3643
7404
3840
3014
3026
3353
3980
3049
3506
6768
3774
4134
4993
4079
4000
3869
3818
3519
5147
3590
3639
4477
2806
5738
3223
2758
3664
3863
3471
3724
3055
3133
3279
2682
3253
3861
6792
3472
2749
7445
3515
2311
2131
3279
3870
3844
3958
3056
3492
3146
3664
4606
3689
3778
5573
3782
3895
3078
4072
2789
3529
4556
3007
4590
3665
2523
2957
6951
3243
3731
4016
5751
3285
3344
3568
2815
3316
5071
46325
3872
4363
7012
2706
3036
3013
2882
3843
2825
2764
3269
3366
3826
3060
2744
2996
5194
3496
5410
6979
4910
4604
4232
3059
4029
5523
4657
3718
5928
2888
3070
2911
2822
4381
3612
3369
2940
2986
2767
3131
5932
2636
3912
3317
5261
5003
3585
3689
4165
3646
2668
2520
5257
2823
2960
2878
5977
3099
3341
2864
3392
3964
4233
4172
2938
3119
3764
5928
3994
4009
5950
2899
3858
4239
4575
6160
3176
3581
6057
95054
8939
11630
183761
388510
204765
8970
3754
5002
4036
3397
3810
35766
2770
7640
4373
3904
3054
3781
4009
2817
3120
2869
5718
3282
3230
7624
4299
3691
3816
4123
4945
3294
4989
4192
3608
5692
2584
3735
4115
4957
2866
3549
3543
3275
3677
2886
3834
6760
6256
12998
6052
4009
4754
4095
5204
4727
4909
3015
3022
3034
3794
3092
3239
3708
4666
9772
4454
7133
3053
3980
5732
2926
7904
3767
3332
2946
3007
3717
4289
3146
5381
3226
2758
3118
4509
2527
3932
2974
2634
2350
3026
3018
2875
3895
6093
2728
3238
2989
4984
5690
4949
6565
6575
3101
5042
2810
6817
2880
3150
2817
7258
4955
3403
2945
2532
2912
3809
3900
5314
2604
3228
3043
6312
3345
3325
2988
3178
2788
3233
3077
2599
3666
2743
3526
2641
4960
3351
3465
4311
2392
3285
3376
3800
2951
2967
3169
2877
3065
4656
5196
4074
5596
2283
2840
2634
3179
3026
2934
3126
4799
3246
3075
3005
2956
4908
3835
3842
4241
3670
3239
2778
3987
2904
2817
3201
3391
5635
3075
3090
4255
6612
3027
3824
3858
4170
5162
3620
3054
3027
2622
3265
5780
3853
4393
3817
3905
3393
3709
2977
3005
3027
2804
3585
5633
4072
2714
2898
5905
3165
2808
4303
4253
5203
3149
3651
3846
3612
6110
3971
4383
5473
2749
3009
3131
2873
2968
2696
3335
2905
3801
6292
3831
2882
2752
6077
4388
4134
3545
3843
5050
2770
3317
4285
3306
5199
2438
2284
3352
7563
4632
3387
4133
3064
3334
2678
7005
3813
3133
3806
6112
3158
4087
3318
5275
4056
3609
3027
3518
3697
3104
6322
3399
3762
3237
3045
5103
2967
3716
3462
4261
112846
311726
198854
6060
3698
3790
3727
4363
2711
3022
2636
3095
3106
7011
3668
4169
3123
2862
4646
3264
2968
2960
6307
4689
4291
3826
3697
3799
4307
5079
3915
2969
3264
7065
3535
4951
4318
3679
4883
4330
3325
3209
2739
4558
4509
2914
3936
4324
6974
3957
3984
3030
3016
3515
5231
2841
3366
2728
6846
4075
6875
3616
4071
3296
3351
3414
3184
3643
5004
3215
3034
4026
3291
3568
3594
3251
3205
3942
5006
2800
5759
2854
3886
3854
7512
4061
6097
10031
2759
3367
3918
2555
5090
3057
2762
3076
4899
3184
3203
2390
3282
2952
2720
2925
3255
3674
5460
3001
2491
3111
6546
3325
3987
4726
3154
3104
4939
7131
5034
5285
4379
3928
8403
4718
3267
3713
7124
2623
5973
3080
5218
8378
6779
5487
5489
5678
2832
3018
3042
3309
4920
3409
2751
2393
3663
2707
2968
2512
3092
3094
2857
3821
2969
2710
5412
4810
4759
6308
2995
4185
5614
3715
4036
3584
4558
3974
2795
2723
5535
3824
3139
6079
4573
2963
2858
3063
2426
2941
2837
3881
5042
2689
5309
6737
3869
4108
6510
2829
4888
3826
3064
2872
3158
9527
3953
6282
2840
4129
3907
8881
3193
3763
7070
3002
3449
7518
4971
4126
2695
2943
4990
3158
5391
2732
2401
3025
6124
3676
3319
3977
3108
8952
4274
3441
3104
3844
4999
2922
3239
3835
8783
3856
3664
2953
2385
4105
3975
4463
3862
3712
6032
3848
2975
5621
2505
2780
36331
5790
6320
6250
4373
6082
4794
3198
3664
2855
5157
4659
3171
3623
4432
3947
3372
2576
2818
2682
2495
3181
2363
5158
1798
4320
2311
5255
2262
2635
2878
2428
2432
2137
1915
2674
1950
2610
1986
2590
1914
2098
1878
1905
3188
9296
2278
6709
2713
2546
3368
2376
2368
3354
5850
2889
4575
2209
1979
2316
2533
6495
3618
3433
2738
2221
2351
2499
2744
3941
3871
4401
3012
7064
2694
3121
6416
2560
3849
3107
4818
3022
3109
3513
3251
8871
3590
9569
5644
3586
4545
2758
3684
4557
3363
3475
5007
5245
3433
5311
7035
4539
3595
6923
3857
5917
3558
3843
4148
7979
3299
2901
3496
8140
3153
4136
3939
2877
4320
3977
3763
3900
4068
2843
2991
2798
3985
3345
3762
3070
4076
8600
2963
5170
4627
3873
3227
3592
3518
3569
2380
3025
2719
4409
4182
6640
4011
3992
4522
3612
5872
4306
3671
2491
2976
3312
7173
4853
5059
5823
4968
3337
4008
3535
2858
4826
4253
4558
6353
3182
3710
6307
3391
5000
5003
3235
2719
3496
3902
6101
3102
4269
7231
5635
3019
3195
8505
2482
2723
4180
2975
2968
5211
2819
3002
2858
5025
3244
3530
3745
4103
4036
4224
3681
4780
2767
3116
1986
4346
5221
3125
3643
2959
3078
3587
3370
2699
3103
4118
4342
5838
5821
6322
4810
4196
3370
3947
3224
2547
3495
5752
2990
2844
4112
6141
3644
3237
3827
2730
2998
4407
3917
3430
4418
3200
4618
4255
3850
5906
4634
4231
3097
2720
5032
4724
4089
5026
8236
6317
4718
4608
6077
5127
7645
11203
5952
158965
342447
183578
394294
210893
204360
204836
205517
220202
183529
4893
3943
4186
6985
3749
3654
3364
3273
2484
2760
2893
2546
3498
4040
3822
5482
2917
3553
3701
3588
3983
3045
3174
3694
2876
2773
2390
2763
2300
10215
3487
6879
2652
4071
3262
2639
3143
4185
3630
3418
2726
4063
2694
5328
4642
3420
6485
4218
4791
9133
3466
3639
5296
4526
3243
7641
3422
3413
2978
3983
3232
3683
2873
2793
5478
3225
5223
3346
3077
9050
2608
2972
2237
1606
3175
2315
2107
1981
2724
2205
3971
3576
2698
2537
6675
2384
2053
2342
2902
3777
3073
3377
2168
3879
2901
3381
3354
4790
3334
2874
2647
3976
2564
1900
3421
2638
3260
3023
1971
2294
2589
2585
1649
5985
2329
1847
1516
3393
5674
2126
1946
1791
2247
2271
3339
2480
3842
2161
2178
2164
2986
2269
4819
5283
3289
3480
3594
3438
3951
4116
3444
2483
2517
2411
2589
3294
6075
3172
3192
4813
4713
3494
2539
2836
2861
4092
3051
2843
2458
2375
2629
2420
2949
3524
3714
2879
3716
3567
3551
3960
4975
3963
3935
3949
3760
5075
2771
4359
3506
6372
3012
2785
3833
2862
3362
3611
3049
4268
4055
7241
5410
4931
4754
3476
4606
3775
4897
4082
3489
3763
5988
3856
2769
6228
2716
2566
3140
2290
1986
3534
3625
4145
3988
3752
5090
4754
3216
3652
4123
2849
3711
3514
2745
2805
2808
2640
4277
4784
5793
2725
3264
3597
6506
7694
3773
3293
4982
5472
3999
4340
6165
5520
11338
2936
5998
3439
3390
2789
2818
5419
2946
3043
6645
5137
3985
3143
2780
3014
2960
3105
3818
2771
2899
3397
3104
4744
3927
4080
6947
30997
4978
3641
5154
4055
4007
3983
4825
3351
2848
3875
2929
2807
2998
3920
3898
3297
2909
6941
3576
3338
3616
5448
3581
5310
5905
4018
3976
6383
3514
3701
4773
4541
2811
3065
3020
3984
4937
5605
4734
3167
3152
3076
2626
2787
3562
2900
2798
3132
2582
3532
2752
4874
2985
3163
3142
6596
2510
3720
2747
3149
3043
3593
2806
2684
3632
3194
3838
2921
5957
4164
3944
4704
4152
3228
3344
3240
4178
4773
6477
4137
4656
8365
4588
3605
3050
4925
4255
2879
2561
3064
3036
3082
5774
6203
4944
3145
3782
3631
3563
4696
3816
5131
6880
5214
3300
5636
3667
3074
3979
3941
4604
4518
3046
3576
3781
3267
6129
3086
3134
4245
3196
3010
3659
2794
3393
2804
3034
4529
6539
4243
2503
4245
5982
3552
3052
2656
3463
3057
3605
3309
3342
3592
2717
2489
5965
3767
3045
4067
3199
4455
2288
4802
4142
2808
4613
5619
4863
3632
9324
4884
4335
3467
3958
4186
4395
4032
2768
3350
6466
2960
3572
4370
4016
4588
3381
4125
3385
6045
6299
3842
3046
5770
6174
4548
4116
2908
3189
3070
2495
3090
4223
5517
3969
2688
2565
2667
4599
4231
2808
3488
2993
3107
3331
3525
3233
5030
3259
2981
4932
8471
3706
2769
3686
4928
4964
4448
4560
4263
4910
5410
3900
4369
5211
3695
4779
3772
3206
3603
6091
4413
3625
4239
4063
3600
4510
3589
4942
3611
3683
4499
3666
3444
7092
5231
38918
5741
3982
4990
3863
4658
3404
4127
5633
5907
3316
3366
4447
5802
4575
5339
5039
3890
2746
3704
3709
4528
3023
7094
4240
4789
8581
5673
3702
3164
4054
3887
4002
3888
3762
6880
3743
4561
4362
3889
3446
3164
3823
4005
3705
4288
209348
408757
199434
410761
211422
4471
3330
6187
3975
5483
3156
3305
3640
3915
5072
3295
2689
2694
3228
3659
2969
4211
2879
2959
7113
3876
6744
3262
3778
5219
2768
4142
2989
6096
4011
4661
3229
4815
4089
3425
4370
3536
3864
7558
4291
6601
4382
5051
5394
4587
3785
6433
4211
3355
3996
7670
3191
3355
2645
3266
3532
2978
3336
2833
2871
3291
3110
7478
3487
7856
3405
4051
3426
3139
3810
3372
2908
4809
3922
3536
3128
5510
3239
2851
2727
3795
2768
5456
3017
4010
6788
7984
7347
8725
4441
6270
6554
3675
3517
5825
4269
4750
6742
3044
3291
2679
2269
3490
2546
2571
2751
3041
4115
3792
5465
4027
2840
3956
3339
3609
2487
3069
2930
2672
3436
2653
3151
2253
6082
6512
7080
3642
4784
3844
3293
3689
4184
4130
4446
3850
4901
3092
3891
2967
4006
3025
4321
4614
4204
4027
4186
5888
4387
5369
6992
2592
2658
3015
2704
2824
3966
28398
4398
4388
3742
4050
4420
2698
3712
3794
4122
6189
5377
4155
6057
3768
2836
2706
3663
3053
4631
3077
3340
2885
3689
3406
3749
3642
3276
3401
2966
3114
3591
3531
3359
3696
3859
3557
4515
3560
4946
4241
3702
3162
3160
4772
4597
3685
2918
4026
3447
3476
3527
6302
3575
3891
5798
4576
3631
3780
3616
2769
2760
3083
4616
3215
2903
3087
3692
3675
2919
3915
3213
2965
3812
2984
2342
2933
4501
4080
3392
3525
2833
2766
3052
3039
2131
2726
1927
2422
3484
3182
3874
4063
3918
7003
3607
3441
7207
3082
3567
3177
4821
2569
2852
3349
3722
3050
3591
3022
4472
2857
3096
3003
4709
4235
3160
3824
3922
5248
4904
7611
4305
3433
5821
2756
3401
3393
3104
2913
2657
3296
3453
3044
3388
4187
7017
3190
2736
2866
3413
3007
3136
2971
2977
4111
3666
4156
4296
5135
3508
3016
3174
4483
3180
3358
5753
3590
4656
3764
4002
3669
4704
4662
2462
3311
3014
3937
5022
3681
4084
6551
4400
4442
6841
3437
2915
6099
4323
5695
3520
3913
3567
6357
5843
4884
3810
3599
4487
4735
3597
3597
3692
3928
2940
2870
4109
7183
3633
3532
7993
3434
4335
3528
3135
2710
4578
3158
2907
2930
3549
3528
5880
4366
7309
4169
3170
2718
3097
3556
3274
3602
2754
5198
3620
4161
6694
4059
4393
3295
3493
3221
2604
3646
2952
4279
3828
5741
3436
3941
6445
5048
5003
5351
3564
2985
3961
8045
3105
4670
5042
3575
5888
3147
4113
4042
3740
5128
4159
4480
6170
4347
4887
3996
8348
4740
5617
3872
6917
4195
3812
6155
11234
8489
4290
14852
5264
3887
3689
2723
4759
3725
3797
3750
3961
2858
3381
8088
5798
8048
3774
3415
2818
3202
3223
3783
3327
4198
5268
4428
4214
5056
3031
3873
4028
3647
3088
2649
4034
4322
3982
5564
3374
3195
2532
2574
3896
3220
3660
3461
4166
4193
3786
3257
3114
3089
4544
4799
29374
4490
3931
7208
4811
4132
3744
3269
3618
3327
4024
3648
5096
3790
3636
4561
3372
4645
3244
3424
3378
4777
3012
3147
4501
4098
3692
2361
2636
2920
5531
6822
2911
5413
2546
3048
3162
6858
4381
3614
3501
4152
4624
2931
2895
4465
4179
2942
2988
4360
4476
3402
4634
8957
6530
2838
3091
2909
4374
3042
5130
5576
5178
3982
3992
5055
2803
3944
5932
3957
3685
4256
5029
3962
3985
3215
3620
5261
5183
3346
2642
2626
5930
2986
3044
3188
3106
3161
2849
2999
4370
3563
2428
3446
4087
3134
2156
2088
3187
2517
2003
2274
3426
5826
2811
4464
2315
3597
4424
4733
3570
3578
7210
3259
3267
3013
3506
2987
3483
3410
2839
3042
3132
3251
5797
3393
3590
4184
3065
6155
2812
5646
3946
3589
3600
9190
4750
7196
3343
3138
2442
2630
3590
5596
3696
3720
3385
3030
6093
7448
3469
3165
4453
3178
2728
2206
3084
2559
3256
3857
6095
5617
2735
7367
6096
3568
3624
2978
2201
2411
2412
2664
3002
2918
3076
5892
4894
3270
4615
4159
4281
4103
4901
3490
3515
3064
7462
3783
3878
6637
3042
3382
3406
3097
4374
3053
3868
5041
3840
6065
3655
5376
4100
3584
4132
4182
3695
4064
4488
4182
7061
3922
3995
4218
3807
6052
5122
3601
3956
3820
2851
3204
3245
4956
4157
3323
3812
2983
2882
3809
6433
3629
3789
3937
2928
6440
4189
4220
3497
3630
3147
2970
2783
3437
3902
3885
3095
7681
4502
4153
3845
3212
2908
3022
2912
2968
3551
3501
3344
2738
3736
3443
5524
3471
3522
3004
3793
2840
2731
2822
3098
8408
6405
61013
5766
3248
5584
3361
3380
3988
3341
3197
3147
2465
31645
32142
3927
3540
4629
4681
3961
4639
3345
2985
4253
3999
4330
5132
3339
4460
3564
3465
3843
3547
2653
3575
3280
3479
5494
5072
2985
7092
3511
2929
5372
3263
3192
3453
2670
2975
3239
4066
2845
2876
3125
2826
3338
4643
3518
2613
3812
3538
4453
3501
2662
3776
2945
3893
3739
6651
3630
3111
2819
4406
3664
3129
4031
4647
6817
4210
4584
3925
3326
3556
3060
3985
3642
2409
3079
5411
3791
2826
7966
3776
6559
2749
3453
4558
4413
3292
3220
3097
2838
2991
4102
3534
3008
3730
3342
3272
5455
3733
3955
3952
3955
5368
3807
4421
4257
4073
8601
2981
4263
4861
4107
4259
4064
5174
4044
5006
4498
3396
3627
5041
2504
2531
3830
2868
3842
3598
3587
3453
3717
5551
3255
5751
2930
3063
3175
9740
4000
4427
4110
3153
3272
3500
3166
2295
2542
2354
5316
2834
2800
3070
2774
3063
4281
3300
4273
3611
5495
6912
3627
3837
3358
4922
6023
3818
3160
4071
2826
2876
3660
2237
2748
4004
3247
5507
3185
3175
3947
3512
3498
2724
3175
3551
3098
5244
6949
6214
2990
6679
3344
6440
4220
2925
2983
3490
2519
3630
3381
2922
5681
2976
5403
2791
3937
2965
3198
3719
4210
2999
3789
2923
4649
4061
3142
3930
7150
3897
3488
3192
3910
3553
2662
3141
5695
4373
6805
3851
8958
3743
5323
4848
3921
3868
3369
6036
3763
3092
3518
4949
5314
3938
4069
3467
4443
4558
3660
3461
3158
4313
3652
5982
4922
3941
4508
4486
3508
3762
3070
3556
5961
3056
2620
4143
4117
4871
3749
3333
2811
4771
3205
4045
3953
3680
6308
3584
3682
3603
2490
2376
2750
4151
3328
3716
4245
4805
5938
3889
3358
3809
5018
4740
6904
3108
3889
3646
3671
3216
3950
3327
5958
3797
4169
242481
242560
4583
4784
5174
3692
4213
4542
5828
6167
3410
3713
3093
3981
3569
5809
4438
4129
5858
4026
5984
6307
6110
7573
3380
9422
3846
3134
3234
2972
4504
3955
4110
4162
3644
5164
3908
3203
3876
4041
2915
3557
5354
4879
4924
3128
4989
3307
3720
4188
5625
4875
3047
2676
2989
3333
2628
3135
3160
2851
4010
6009
2908
4604
2926
4094
3990
3063
3831
5635
4603
4394
6534
2960
3018
2748
5966
3191
4877
3540
3846
3635
2808
3162
3808
3678
2686
5380
5594
3708
4632
4299
3532
3534
3373
4702
4539
5963
3580
2883
2983
7695
4013
4902
3474
3460
4064
3104
2765
60269
3844
3734
4970
4494
3150
3225
2789
3523
3682
5540
4492
3905
4776
4313
3797
2902
7244
3821
3122
9190
3437
4159
7889
3564
3909
7343
4594
4628
3389
3450
4172
4580
5477
4117
9760
4726
4969
5050
4401
5219
3107
2659
3998
7269
4275
2607
2951
6370
5006
2926
4070
4514
5066
2968
3910
6050
9891
3816
5240
4520
3970
3181
4192
3919
3016
4524
6438
3597
3266
4279
4464
2858
3471
2965
2626
2982
4393
2888
2787
3816
2987
7636
4110
2731
3580
3611
3243
5751
3546
3156
3293
3466
3587
5612
5348
3180
6831
4084
4803
5175
5552
3270
4436
2568
3894
5890
3949
3059
2684
3356
3472
4083
5242
3337
3537
3816
4299
35321
3273
3253
2886
3232
2818
3548
9361
3273
4231
4675
3257
6474
5304
5083
4101
3780
6541
3401
3618
5859
3072
2838
3229
2813
2833
3192
5309
3538
3854
4028
2994
5128
4091
9591
3776
3869
3827
3918
3676
4938
6036
3452
4786
9379
4617
5866
3722
3826
3905
3744
4118
2780
3058
6015
4232
3657
3010
4323
3393
3476
3152
3711
3058
4187
5850
3957
4967
6053
2916
3550
3251
3003
2978
3723
4401
3927
3861
3365
3498
5598
3654
4264
4079
2579
2463
2906
3720
2913
3186
3584
3102
5609
4137
3966
3106
5308
3188
3331
2799
3926
3606
6130
8959
4155
4663
3582
4813
2933
4686
3159
3179
4014
2757
3022
4188
4517
5233
4346
3580
6155
5507
4653
3819
5152
4481
4963
3702
3738
3762
4396
3319
4047
3450
2563
3037
3582
3416
4697
4008
5069
8959
4009
2735
4378
3157
3634
3331
3537
6234
2698
3416
5493
5136
5958
3064
2765
3571
6400
3948
4152
2926
2847
2925
3821
3378
6706
3603
3329
6040
2640
6346
4877
3879
5327
2906
2839
3654
3899
5705
3752
3445
4343
3485
4732
4547
4355
4083
4796
2787
6530
3254
3891
6369
3904
4609
3801
3823
3287
4308
6196
4639
7898
4083
7019
5917
5983
4103
3819
6955
4982
4247
2718
3348
5525
3190
3567
3760
4723
4199
4448
4782
3098
2642
5206
6069
5127
3611
7423
4220
2956
4637
3646
3399
4973
2868
2711
3053
7357
5735
2957
2595
6388
3186
2908
2752
3095
2741
3493
6466
3867
11173
4255
7597
4177
5647
3244
5439
2928
2739
2700
4862
2399
3520
5274
3681
4163
3836
3268
3566
3239
3123
4296
4724
3904
2659
3132
5825
9888
4217
3773
3389
5518
2716
3544
3103
5872
5805
5572
3639
4781
2572
3458
4341
3145
6555
4732
3490
2861
4616
6141
3486
5188
4378
3993
3688
8300
4287
6420
3471
3298
6856
5401
6186
31291
4170
4202
22197
3296
3244
3766
7217
3877
3679
4530
4560
3078
4191
3137
3810
7871
3292
2830
2999
3195
6860
4363
3609
3504
4511
8572
3351
5439
8291
3129
2688
2654
3712
5052
3948
3575
4308
3970
6098
3716
5794
4044
3293
4878
4593
3343
4193
3640
3587
4901
2927
3108
3680
7093
4790
5811
4081
7583
3282
3501
2636
3409
5392
2935
3561
3948
3438
6021
2944
5012
5022
6531
5447
5685
3519
6705
4841
4673
5193
5073
4099
3115
4057
3656
5934
3780
2991
3495
3229
4117
5742
3430
3798
4287
3654
5258
2598
2501
2672
2613
6336
3029
2894
2729
3010
3922
3477
3629
2393
3392
2947
2724
2723
5902
2575
2559
3974
3850
3759
4861
4443
4342
3506
3688
8518
3950
5244
7711
3497
3193
2637
5839
3205
3606
4404
3794
6633
3821
3972
4497
3659
2889
3141
3517
3780
3627
3844
2967
8090
13114
4701
10251
3696
3774
3313
2926
2931
2946
3820
4591
4652
3886
2822
3001
5552
3430
4111
4070
3498
6578
3705
3559
3328
12297
4814
7697
4876
11376
7555
4606
3412
4061
10481
4048
3502
3419
4641
6950
11891
4673
4302
3344
4950
4597
2979
3067
3971
4552
4548
6474
6986
4953
5596
4624
4428
7213
6273
4796
4551
8803
5215
4121
10316
65537
5313
6169
4962
3360
3416
4105
2525
3195
3040
5119
6250
2512
6826
3258
2849
2260
4048
2984
3700
3670
4480
4598
3856
4170
5679
4150
5085
7875
3239
3012
3486
3919
4241
3081
2851
4236
2816
4019
6790
2810
3280
3724
4170
3583
5824
3658
2882
2874
3766
5844
4318
3719
6804
2719
31573
4166
4726
2982
3807
4000
3246
5025
3902
4906
3159
5897
6935
3350
5610
6090
4456
5093
3685
3278
4379
2808
3939
2978
4224
3125
5600
3876
3482
4570
7971
3945
4150
2717
3879
4581
5987
5667
7990
4527
3728
4200
4674
3763
2821
2811
2822
3212
2956
5684
3902
3176
2874
2623
6490
5478
3577
4809
4695
5860
3524
2710
10457
3933
4260
3688
4781
5140
4350
4111
4288
2863
7287
3668
6075
3784
5224
2667
4079
4087
2966
4233
6112
3851
3606
6738
3223
4867
3222
2576
2956
3315
3248
2973
2627
2832
3365
5771
3028
3496
3989
5901
4378
3727
3489
3228
4924
3474
5467
5706
4369
5520
3828
4487
5461
3005
3566
3325
3922
5518
3413
4983
3858
3223
6005
5032
7184
4289
3207
5915
6183
6475
4724
3607
2948
3617
3350
4964
4934
4220
4622
2686
3151
4486
4505
3114
4545
4313
4781
3870
3530
3711
3720
3138
4451
5407
3206
3202
2685
4371
5403
3086
3055
3897
4003
3988
3400
7602
4865
7097
3846
6829
7867
3590
6441
3256
3300
6110
3804
3238
2829
5712
3826
2880
3166
3986
4003
3861
4246
4036
3983
6617
3980
4972
3906
3057
4735
5726
4244
3193
6118
5621
3477
3275
7242
2727
3427
3963
4605
4145
5358
3567
5493
3710
4884
5071
3622
4129
5028
3919
5956
4210
3736
3435
5209
4677
4643
7898
5863
6671
3305
4629
4158
7203
3901
5481
5302
3758
3223
3009
4058
2795
3440
3235
3346
5859
8306
5306
2704
6870
3072
3444
5194
7769
3113
7212
4888
12007
7962
8478
5171
4413
4478
6541
4299
4986
6506
5969
4697
3781
4136
3693
3994
3663
3279
6394
4676
4126
3267
5135
3516
3053
3586
3028
5905
4892
6296
4095
4650
7185
3505
3656
4059
29730
5004
4015
5276
4438
7219
3914
3098
4771
6040
5831
4087
6066
3828
4325
4657
3017
5407
3519
3585
4284
3811
5600
4318
6176
3940
4846
4559
5960
3255
4236
6201
3739
4082
2956
5811
3966
3924
3099
3509
4011
3398
4118
3513
3326
3309
6478
5088
11005
3934
6589
4184
3357
4373
6473
4269
3244
6877
4344
4021
2897
4433
4622
3672
3917
4922
7434
5886
5033
5729
6739
3820
6654
5163
6127
4051
3304
3215
5513
5051
3387
4641
8029
5103
5906
4583
6290
4063
3408
8270
5506
5981
215214
215291
5376
8434
4954
5525
5927
7965
7156
3590
4269
6914
6907
5214
5444
6393
7497
6235
4865
4776
4665
6103
6285
4715
5327
4365
3929
7340
10627
7719
5006
4872
5576
6927
7262
9953
14783
12111
6593
7924
7512
5349
5677
6114
6205
5916
4702
4426
4831
5913
7392
9745
9129
6274
7278
12490
11086
5066
5289
7028
6895
5725
7229
10438
8665
6987
10014
8279
6502
8140
6272
4293
4804
5169
4579
3990
3962
4191
3915
4781
5259
4282
6708
6757
4013
3631
4023
4485
7484
7850
6873
8948
7547
5301
4348
3824
4922
5227
6148
5953
3691
3676
3820
5023
7551
6911
4412
4358
4008
4251
5502
4974
5202
5679
4842
4304
5408
9662
8674
6325
6244
4398
4904
7688
7866
4767
4001
5216
6717
6164
4596
7671
9503
8449
7512
5581
4559
4907
8381
7799
4415
4321
4030
3837
4780
5891
6484
5416
3991
5683
5870
4518
5353
4607
6007
6108
3829
4479
4144
6901
7274
4630
4542
4670
4383
6174
7134
4852
4053
3692
3560
3307
6344
6811
3714
3578
4102
4125
7483
8712
6322
6409
6485
5328
4187
5088
4800
3860
4627
4336
3890
5115
4876
8877
9972
5496
5450
13116
39625
31181
3884
4055
7179
7104
4368
4817
8790
9572
5245
7622
7549
4580
5322
5001
4510
4739
6543
8229
7517
10959
11827
7205
7203
6246
3960
4604
4737
4043
3907
7648
7350
3860
3899
3698
4642
7887
8292
6566
6764
5147
3288
3169
3429
3777
5048
5504
4123
3581
5678
6020
4136
5009
11670
11436
5827
5541
5451
5552
5349
5648
6285
5805
5431
5153
4872
4745
7202
7031
4143
3855
3698
7694
9928
6432
4154
4028
4502
4243
3646
5466
6425
4955
6720
6431
4086
4952
5753
9166
8726
5041
7055
8099
6710
5644
4872
4733
4725
4740
4570
4567
4612
4314
11426
11830
4167
8061
8624
4335
6694
7475
4996
4722
4983
5413
8901
8267
4789
4519
4161
6249
6845
4803
3889
4045
4167
6924
7321
4323
4794
5006
5126
6874
7170
4946
3623
3698
7074
7348
4459
4881
4034
3821
8597
7926
3974
4148
3741
4066
3862
3808
4361
4089
3885
3885
3417
3407
3460
3650
4734
5034
3973
5735
6690
5098
4612
4129
11382
13436
6940
5097
4164
4893
5991
5645
5095
6418
5949
4544
4775
4316
4257
6166
5797
4360
4390
4395
8940
10782
8621
6325
4262
3843
4608
4836
3774
3263
6222
6488
5621
5748
3501
5702
5695
6504
7608
5984
6233
6191
6332
5732
5647
11361
15272
13985
10731
6260
5165
5046
4264
4275
4893
4585
5336
5307
4686
6769
11521
12397
7661
8097
9325
8304
8189
5917
5079
5158
5279
5963
7978
9019
6503
5023
4854
7689
7723
4869
6530
6740
14740
14781
5570
9473
11927
8595
6384
11976
15079
10795
7054
4565
4933
5622
5854
5163
7908
8893
4955
4039
7883
8041
4440
4174
3529
4626
6073
4998
5963
7655
5928
6458
6494
4971
5919
9449
8437
4754
4461
7083
7020
4703
4932
4446
6525
7939
10504
8206
5706
7295
6815
5612
3821
6974
7579
4285
3630
3656
3493
3401
3609
3778
4498
5772
5160
4060
3654
3924
4610
4228
5625
8714
6946
3995
4310
4887
4813
10808
11360
5383
4430
4308
4520
4999
9491
13039
11142
7352
9401
9303
5461
6410
7642
7154
6421
7092
6693
5933
6121
6704
8930
8117
5897
5626
5522
10344
10733
6020
5500
4976
4977
4910
4595
4295
7158
7643
4337
4029
4175
4002
7818
11655
9927
8129
5801
4846
4529
2156
2835
2367
1802
1810
2126
4266
2939
2767
3411
5370
1906
3351
3321
2572
2723
4759
2305
3704
5049
3306
4442
3678
4719
2786
2186
2786
3487
2584
3754
3319
2629
3962
2951
3613
29610
4402
2786
2314
3216
3214
2890
7130
7723
8976
5741
3236
3103
3280
4477
6531
3617
3052
7846
3425
12351
5277
5559
4358
3880
6999
5166
4184
7510
5031
6369
7900
5298
5475
3910
5911
4212
4813
8407
4799
4595
4176
3605
3328
6112
3850
2777
2909
6540
3061
3220
2507
3159
2518
2798
3249
2879
2787
3314
4906
4043
5535
3081
4162
4611
4476
4033
2843
4353
4548
3387
5855
3927
3295
3514
7793
4478
7643
5855
3296
6803
11796
22905
5745
11138
9142
5001
7072
3821
3202
4926
3463
3600
2932
2513
3753
3455
3128
5635
3013
2718
3021
6014
3283
3044
5284
4146
3219
2939
2982
5336
2653
2407
2313
8480
7985
7352
6583
8030
7753
5149
2575
8261
6728
4263
5576
9763
12719
8901
3340
4481
4743
4751
13954
5432
4084
3834
3298
6971
5989
13773
3800
111312
302260
20265
9020
9770
10011
27820
7298
7917
12877
7465
10394
10639
7455
9100
21711
37186
8956
8664
10262
7950
5888
7763
22046
8312
9877
10199
8984
8639
8334
5700
